  -5.0000000000000000        6.9999999950874825     
  -4.9899997711181641        6.9999999946045364     
  -4.9800000190734863        6.9999999940753996     
  -4.9699997901916504        6.9999999934957247     
  -4.9600000381469727        6.9999999928608867     
  -4.9499998092651367        6.9999999921657192     
  -4.9400000572204590        6.9999999914047297     
  -4.9299998283386230        6.9999999905717889     
  -4.9200000762939453        6.9999999896603793     
  -4.9099998474121094        6.9999999886632338     
  -4.9000000953674316        6.9999999875726289     
  -4.8899998664855957        6.9999999863799527     
  -4.8800001144409180        6.9999999850760632     
  -4.8699998855590820        6.9999999836507669     
  -4.8599996566772461        6.9999999820931729     
  -4.8499999046325684        6.9999999803914603     
  -4.8399996757507324        6.9999999785325233     
  -4.8299999237060547        6.9999999765024787     
  -4.8199996948242188        6.9999999742858501     
  -4.8099999427795410        6.9999999718662540     
  -4.7999997138977051        6.9999999692254340     
  -4.7899999618530273        6.9999999663440731     
  -4.7799997329711914        6.9999999632006533     
  -4.7699999809265137        6.9999999597724258     
  -4.7599997520446777        6.9999999560340518     
  -4.7500000000000000        6.9999999519587623     
  -4.7399997711181641        6.9999999475167485     
  -4.7300000190734863        6.9999999426765429     
  -4.7199997901916504        6.9999999374031106     
  -4.7100000381469727        6.9999999316594952     
  -4.6999998092651367        6.9999999254045608     
  -4.6900000572204590        6.9999999185949440     
  -4.6799998283386230        6.9999999111823916     
  -4.6700000762939453        6.9999999031160733     
  -4.6599998474121094        6.9999998943394370     
  -4.6500000953674316        6.9999998847929614     
  -4.6399998664855957        6.9999998744104310     
  -4.6300001144409180        6.9999998631222100     
  -4.6199998855590820        6.9999998508508474     
  -4.6100001335144043        6.9999998375149524     
  -4.5999999046325684        6.9999998230240159     
  -4.5899996757507324        6.9999998072822187     
  -4.5799999237060547        6.9999997901862407     
  -4.5699996948242188        6.9999997716219511     
  -4.5599999427795410        6.9999997514696544     
  -4.5499997138977051        6.9999997295962970     
  -4.5399999618530273        6.9999997058624546     
  -4.5299997329711914        6.9999996801131674     
  -4.5199999809265137        6.9999996521861867     
  -4.5099997520446777        6.9999996219012122     
  -4.5000000000000000        6.9999995890696196     
  -4.4899997711181641        6.9999995534818291     
  -4.4800000190734863        6.9999995149187670     
  -4.4699997901916504        6.9999994731370556     
  -4.4600000381469727        6.9999994278825080     
  -4.4499998092651367        6.9999993788727730     
  -4.4400000572204590        6.9999993258132109     
  -4.4299998283386230        6.9999992683765786     
  -4.4200000762939453        6.9999992062216823     
  -4.4099998474121094        6.9999991389696188     
  -4.4000000953674316        6.9999990662256755     
  -4.3899998664855957        6.9999989875515682     
  -4.3800001144409180        6.9999989024911224     
  -4.3699998855590820        6.9999988105378623     
  -4.3600001335144043        6.9999987111651096     
  -4.3499999046325684        6.9999986037881641     
  -4.3399996757507324        6.9999984877938033     
  -4.3299999237060547        6.9999983625249342     
  -4.3199996948242188        6.9999982272576471     
  -4.3099999427795410        6.9999980812408529     
  -4.2999997138977051        6.9999979236409091     
  -4.2899999618530273        6.9999977535936724     
  -4.2799997329711914        6.9999975701400929     
  -4.2699999809265137        6.9999973722869520     
  -4.2599997520446777        6.9999971589320316     
  -4.2500000000000000        6.9999969289349151     
  -4.2399997711181641        6.9999966810301117     
  -4.2300000190734863        6.9999964139095168     
  -4.2199997901916504        6.9999961261216450     
  -4.2100000381469727        6.9999958161675728     
  -4.1999998092651367        6.9999954823841595     
  -4.1900000572204590        6.9999951230555810     
  -4.1799998283386230        6.9999947362781079     
  -4.1700000762939453        6.9999943200896384     
  -4.1599998474121094        6.9999938723132615     
  -4.1500000953674316        6.9999933907075533     
  -4.1399998664855957        6.9999928727857581     
  -4.1300001144409180        6.9999923159900010     
  -4.1199998855590820        6.9999917174824828     
  -4.1100001335144043        6.9999910743472249     
  -4.0999999046325684        6.9999903833491457     
  -4.0899996757507324        6.9999896411308082     
  -4.0799999237060547        6.9999888441180351     
  -4.0699996948242188        6.9999879883807417     
  -4.0599999427795410        6.9999870698910973     
  -4.0499997138977051        6.9999860841803665     
  -4.0399999618530273        6.9999850266735590     
  -4.0299997329711914        6.9999838922947353     
  -4.0199999809265137        6.9999826758528885     
  -4.0099997520446777        6.9999813715883752     
  -4.0000000000000000        6.9999799736174495     
  -3.9900000095367432        6.9999784754484731     
  -3.9800000190734863        6.9999768703086973     
  -3.9700000286102295        6.9999751509589734     
  -3.9599997997283936        6.9999733096548598     
  -3.9499998092651367        6.9999713382980504     
  -3.9399998188018799        6.9999692281447938     
  -3.9299998283386230        6.9999669699483880     
  -3.9199998378753662        6.9999645538852118     
  -3.9099998474121094        6.9999619695215314     
  -3.8999998569488525        6.9999592057785875     
  -3.8899998664855957        6.9999562508958899     
  -3.8799998760223389        6.9999530923926363     
  -3.8699998855590820        6.9999497170271834     
  -3.8599998950958252        6.9999461107544771     
  -3.8499999046325684        6.9999422586813624     
  -3.8399999141693115        6.9999381450196720     
  -3.8299999237060547        6.9999337530370251     
  -3.8199999332427979        6.9999290650052108     
  -3.8099999427795410        6.9999240621460874     
  -3.7999999523162842        6.9999187245748802     
  -3.7899999618530273        6.9999130312407827     
  -3.7799999713897705        6.9999069598647514     
  -3.7699999809265137        6.9999004868743944     
  -3.7599999904632568        6.9998935873358299     
  -3.7500000000000000        6.9998862348824211     
  -3.7400000095367432        6.9998784016402489     
  -3.7300000190734863        6.9998700581502238     
  -3.7200000286102295        6.9998611732867086     
  -3.7099997997283936        6.9998517139398873     
  -3.6999998092651367        6.9998416458426513     
  -3.6899998188018799        6.9998309321261170     
  -3.6799998283386230        6.9998195341105065     
  -3.6699998378753662        6.9998074109859010     
  -3.6599998474121094        6.9997945197072831     
  -3.6499998569488525        6.9997808148851863     
  -3.6399998664855957        6.9997662486718237     
  -3.6299998760223389        6.9997507706425495     
  -3.6199998855590820        6.9997343276725292     
  -3.6099998950958252        6.9997168638084641     
  -3.5999999046325684        6.9996983201352423     
  -3.5899999141693115        6.9996786346373758     
  -3.5799999237060547        6.9996577420550805     
  -3.5699999332427979        6.9996355737348601     
  -3.5599999427795410        6.9996120574744634     
  -3.5499999523162842        6.9995871173620676     
  -3.5399999618530273        6.9995606736095590     
  -3.5299999713897705        6.9995326423797737     
  -3.5199999809265137        6.9995029356075653     
  -3.5099999904632568        6.9994714608145809     
  -3.5000000000000000        6.9994381209175991     
  -3.4900000095367432        6.9994028140303275     
  -3.4800000190734863        6.9993654332585313     
  -3.4700000286102295        6.9993258664883840     
  -3.4600000381469727        6.9992839961679190     
  -3.4499998092651367        6.9992396979954350     
  -3.4399998188018799        6.9991928449686247     
  -3.4299998283386230        6.9991433008126345     
  -3.4199998378753662        6.9990909238961621     
  -3.4099998474121094        6.9990355659503676     
  -3.3999998569488525        6.9989770718071025     
  -3.3899998664855957        6.9989152791296805     
  -3.3799998760223389        6.9988500181361601     
  -3.3699998855590820        6.9987811113151128     
  -3.3599998950958252        6.9987083731338497     
  -3.3499999046325684        6.9986316097391068     
  -3.3399999141693115        6.9985506186501976     
  -3.3299999237060547        6.9984651884446611     
  -3.3199999332427979        6.9983750984364415     
  -3.3099999427795410        6.9982801183466625     
  -3.2999999523162842        6.9981800079670764     
  -3.2899999618530273        6.9980745168162741     
  -3.2799999713897705        6.9979633837887887     
  -3.2699999809265137        6.9978463367972177     
  -3.2599999904632568        6.9977230924075338     
  -3.2500000000000000        6.9975933554677665     
  -3.2400000095367432        6.9974568187302681     
  -3.2300000190734863        6.9973131624677993     
  -3.2200000286102295        6.9971620540836978     
  -3.2100000381469727        6.9970031477164252     
  -3.1999998092651367        6.9968360797555089     
  -3.1899998188018799        6.9966604845610991     
  -3.1799998283386230        6.9964759701683521     
  -3.1699998378753662        6.9962821336008494     
  -3.1599998474121094        6.9960785565681078     
  -3.1499998569488525        6.9958648050442989     
  -3.1399998664855957        6.9956404288443199     
  -3.1299998760223389        6.9954049611977505     
  -3.1199998855590820        6.9951579183213273     
  -3.1099998950958252        6.9948987989905707     
  -3.0999999046325684        6.9946270841112570     
  -3.0899999141693115        6.9943422362914589     
  -3.0799999237060547        6.9940436994149460     
  -3.0699999332427979        6.9937308982167563     
  -3.0599999427795410        6.9934032378618021     
  -3.0499999523162842        6.9930601035274380     
  -3.0399999618530273        6.9927008599909435     
  -3.0299999713897705        6.9923248512229295     
  -3.0199999809265137        6.9919313999877426     
  -3.0099999904632568        6.9915198074519589     
  -3.0000000000000000        6.9910893528021552     
  -2.9900000095367432        6.9906392928731353     
  -2.9800000190734863        6.9901688617879207     
  -2.9700000286102295        6.9896772706107768     
  -2.9600000381469727        6.9891637070146864     
  -2.9500000476837158        6.9886273349646570     
  -2.9399998188018799        6.9880672807768116     
  -2.9299998283386230        6.9874826868079785     
  -2.9199998378753662        6.9868726311126794     
  -2.9099998474121094        6.9862361800263066     
  -2.8999998569488525        6.9855723748840415     
  -2.8899998664855957        6.9848802318320562     
  -2.8799998760223389        6.9841587416659756     
  -2.8699998855590820        6.9834068696984222     
  -2.8599998950958252        6.9826235556575300     
  -2.8499999046325684        6.9818077136183421     
  -2.8399999141693115        6.9809582319690602     
  -2.8299999237060547        6.9800739734141652     
  -2.8199999332427979        6.9791537750164423     
  -2.8099999427795410        6.9781964482800101     
  -2.7999999523162842        6.9772007792764743     
  -2.7899999618530273        6.9761655288163613     
  -2.7799999713897705        6.9750894326680122     
  -2.7699999809265137        6.9739712018261661     
  -2.7599999904632568        6.9728095228324465     
  -2.7500000000000000        6.9716030581500279     
  -2.7400000095367432        6.9703504465947388     
  -2.7300000190734863        6.9690503038249014     
  -2.7200000286102295        6.9677012228921740     
  -2.7100000381469727        6.9663017748557232     
  -2.7000000476837158        6.9648505094619830     
  -2.6900000572204590        6.9633459558923132     
  -2.6799998283386230        6.9617865857384045     
  -2.6699998378753662        6.9601709639019687     
  -2.6599998474121094        6.9584975265490154     
  -2.6499998569488525        6.9567647295135595     
  -2.6399998664855957        6.9549710128998594     
  -2.6299998760223389        6.9531148022842313     
  -2.6199998855590820        6.9511945100000281     
  -2.6099998950958252        6.9492085365078164     
  -2.5999999046325684        6.9471552718526590     
  -2.5899999141693115        6.9450330972104029     
  -2.5799999237060547        6.9428403865247290     
  -2.5699999332427979        6.9405755082366820     
  -2.5599999427795410        6.9382368271082591     
  -2.5499999523162842        6.9358227061415620     
  -2.5399999618530273        6.9333315085948781     
  -2.5299999713897705        6.9307616000969476     
  -2.5199999809265137        6.9281113508605241     
  -2.5099999904632568        6.9253791379962184     
  -2.5000000000000000        6.9225633479274284     
  -2.4900000095367432        6.9196623789070362     
  -2.4800000190734863        6.9166746436363420     
  -2.4700000286102295        6.9135985719865607     
  -2.4600000381469727        6.9104326138229881     
  -2.4500000476837158        6.9071752419317622     
  -2.4400000572204590        6.9038249550489290     
  -2.4299998283386230        6.9003801977270625     
  -2.4199998378753662        6.8968396943225159     
  -2.4099998474121094        6.8932019596137559     
  -2.3999998569488525        6.8894656284513980     
  -2.3899998664855957        6.8856293782898632     
  -2.3799998760223389        6.8816919328112238     
  -2.3699998855590820        6.8776520656426632     
  -2.3599998950958252        6.8735086041652389     
  -2.3499999046325684        6.8692604334113527     
  -2.3399999141693115        6.8649065000480505     
  -2.3299999237060547        6.8604458164429385     
  -2.3199999332427979        6.8558774648092111     
  -2.3099999427795410        6.8512006014259548     
  -2.2999999523162842        6.8464144609295694     
  -2.2899999618530273        6.8415183606718220     
  -2.2799999713897705        6.8365117051396957     
  -2.2699999809265137        6.8313939904318728     
  -2.2599999904632568        6.8261648087863218     
  -2.2500000000000000        6.8208238531531462     
  -2.2400000095367432        6.8153709218064558     
  -2.2300000190734863        6.8098059229886969     
  -2.2200000286102295        6.8041288795805279     
  -2.2100000381469727        6.7983399337889363     
  -2.2000000476837158        6.7924393518459913     
  -2.1900000572204590        6.7864275287102132     
  -2.1800000667572021        6.7803049927622521     
  -2.1699998378753662        6.7740722605839379     
  -2.1599998474121094        6.7677304386314496     
  -2.1499998569488525        6.7612803362524581     
  -2.1399998664855957        6.7547230620512870     
  -2.1299998760223389        6.7480598811314367     
  -2.1199998855590820        6.7412922195628573     
  -2.1099998950958252        6.7344216687757559     
  -2.0999999046325684        6.7274499898700091     
  -2.0899999141693115        6.7203791178289594     
  -2.0799999237060547        6.7132111656261193     
  -2.0699999332427979        6.7059484282130501     
  -2.0599999427795410        6.6985933863764435     
  -2.0499999523162842        6.6911487104522127     
  -2.0399999618530273        6.6836172638841926     
  -2.0299999713897705        6.6760021066148898     
  -2.0199999809265137        6.6683064982955198     
  -2.0099999904632568        6.6605339013024762     
  -2.0000000000000000        6.6526879835472155     
  -1.9900000095367432        6.6447726210664930     
  -1.9799998998641968        6.6367918048693797     
  -1.9699999094009399        6.6287500243888493     
  -1.9599999189376831        6.6206516984309225     
  -1.9499999284744263        6.6125015565842382     
  -1.9399999380111694        6.6043045457578664     
  -1.9299999475479126        6.5960658311769977     
  -1.9199999570846558        6.5877907970670995     
  -1.9099999666213989        6.5794850470137476     
  -1.8999999761581421        6.5711544039855001     
  -1.8899999856948853        6.5628049100074248     
  -1.8799999952316284        6.5544428254731173     
  -1.8700000047683716        6.5460746280833533     
  -1.8600000143051147        6.5377070113998199     
  -1.8499999046325684        6.5293467834148986     
  -1.8399999141693115        6.5210012628713638     
  -1.8299999237060547        6.5126776785051037     
  -1.8199999332427979        6.5043835647806318     
  -1.8099999427795410        6.4961266586420932     
  -1.7999999523162842        6.4879148955382737     
  -1.7899999618530273        6.4797564049942720     
  -1.7799999713897705        6.4716595057223198     
  -1.7699999809265137        6.4636327002648670     
  -1.7599999904632568        6.4556846691638121     
  -1.7500000000000000        6.4478242646504915     
  -1.7400000095367432        6.4400605038518304     
  -1.7300000190734863        6.4324025615089235     
  -1.7199999094009399        6.4248596730116780     
  -1.7099999189376831        6.4174414844507695     
  -1.6999999284744263        6.4101575041869765     
  -1.6899999380111694        6.4030174547720211     
  -1.6799999475479126        6.3960311725824326     
  -1.6699999570846558        6.3892085975850605     
  -1.6599999666213989        6.3825597626150739     
  -1.6499999761581421        6.3760947821706013     
  -1.6399999856948853        6.3698238407293291     
  -1.6299999952316284        6.3637571805934634     
  -1.6200000047683716        6.3579050892707007     
  -1.6100000143051147        6.3522778864000076     
  -1.5999999046325684        6.3468858473979806     
  -1.5899999141693115        6.3417394438315613     
  -1.5799999237060547        6.3368489431937709     
  -1.5699999332427979        6.3322246541788978     
  -1.5599999427795410        6.3278768458073955     
  -1.5499999523162842        6.3238157318744044     
  -1.5399999618530273        6.3200514550394153     
  -1.5299999713897705        6.3165940705758929     
  -1.5199999809265137        6.3134535298009240     
  -1.5099999904632568        6.3106396632062181     
  -1.5000000000000000        6.3081621633130478     
  -1.4900000095367432        6.3060305672749095     
  -1.4800000190734863        6.3042542392529572     
  -1.4699999094009399        6.3028423379674789     
  -1.4599999189376831        6.3018038616941805     
  -1.4499999284744263        6.3011475289733854     
  -1.4399999380111694        6.3008818321449906     
  -1.4299999475479126        6.3010149999825353     
  -1.4199999570846558        6.3015549792954832     
  -1.4099999666213989        6.3025094165111835     
  -1.3999999761581421        6.3038856392701952     
  -1.3899999856948853        6.3056906380695246     
  -1.3799999952316284        6.3079310479892250     
  -1.3700000047683716        6.3106131305385205     
  -1.3600000143051147        6.3137427556583994     
  -1.3500000238418579        6.3173253839182433     
  -1.3399999141693115        6.3213660998620318     
  -1.3299999237060547        6.3258693965791295     
  -1.3199999332427979        6.3308394476432124     
  -1.3099999427795410        6.3362799033250239     
  -1.2999999523162842        6.3421939197699695     
  -1.2899999618530273        6.3485841431761907     
  -1.2799999713897705        6.3554526944421346     
  -1.2699999809265137        6.3628011543237744     
  -1.2599999904632568        6.3706305491415787     
  -1.2500000000000000        6.3789413370771886     
  -1.2400000095367432        6.3877333950995210     
  -1.2300000190734863        6.3970060065596455     
  -1.2200000286102295        6.4067578494933821     
  -1.2099999189376831        6.4169871104462928     
  -1.1999999284744263        6.4276909808425158     
  -1.1899999380111694        6.4388663793297258     
  -1.1799999475479126        6.4505094611849421     
  -1.1699999570846558        6.4626157298178573     
  -1.1599999666213989        6.4751800301001117     
  -1.1499999761581421        6.4881965426540855     
  -1.1399999856948853        6.5016587791329945     
  -1.1299999952316284        6.5155595785227449     
  -1.1200000047683716        6.5298911044945349     
  -1.1100000143051147        6.5446448438356555     
  -1.1000000238418579        6.5598116059843008     
  -1.0900000333786011        6.5753815236924407     
  -1.0799999237060547        6.5913442474236872     
  -1.0699999332427979        6.6076881824755489     
  -1.0599999427795410        6.6244016350832009     
  -1.0499999523162842        6.6414720611734417     
  -1.0399999618530273        6.6588862609316610     
  -1.0299999713897705        6.6766303866299213     
  -1.0199999809265137        6.6946899516954890     
  -1.0099999904632568        6.7130498410269048     
  -1.0000000000000000        6.7316943225621984     
 -0.98999994993209839        6.7506071735962960     
 -0.97999995946884155        6.7697712423239862     
 -0.96999996900558472        6.7891691396911646     
 -0.95999997854232788        6.8087828065350697     
 -0.94999998807907104        6.8285936433385892     
 -0.93999999761581421        6.8485825292640108     
 -0.93000000715255737        6.8687298423981602     
 -0.91999995708465576        6.8890156024757490     
 -0.90999996662139893        6.9094190089998513     
 -0.89999997615814209        6.9299191906652675     
 -0.88999998569488525        6.9504947472895227     
 -0.87999999523162842        6.9711238963280664     
 -0.87000000476837158        6.9917844999387118     
 -0.85999995470046997        7.0124542162639703     
 -0.84999996423721313        7.0331100356514789     
 -0.83999997377395630        7.0537290501210181     
 -0.82999998331069946        7.0742879914385934     
 -0.81999999284744263        7.0947633861673518     
 -0.81000000238418579        7.1151315883508266     
 -0.79999995231628418        7.1353689331611836     
 -0.78999996185302734        7.1554512893529116     
 -0.77999997138977051        7.1753548180814484     
 -0.76999998092651367        7.1950555249459081     
 -0.75999999046325684        7.2145294170689951     
 -0.75000000000000000        7.2337525396391040     
 -0.74000000953674316        7.2527010128898644     
 -0.72999995946884155        7.2713511796798560     
 -0.71999996900558472        7.2896792002568880     
 -0.70999997854232788        7.3076617573491438     
 -0.69999998807907104        7.3252756476421945     
 -0.68999999761581421        7.3424979320297279     
 -0.68000000715255737        7.3593059738188442     
 -0.66999995708465576        7.3756775731308135     
 -0.65999996662139893        7.3915906172044075     
 -0.64999997615814209        7.4070237039435005     
 -0.63999998569488525        7.4219557864312531     
 -0.62999999523162842        7.4363663090948036     
 -0.62000000476837158        7.4502352445525757     
 -0.61000001430511475        7.4635431299739716     
 -0.59999996423721313        7.4762711769764101     
 -0.58999997377395630        7.4884010067676305     
 -0.57999998331069946        7.4999151399456334     
 -0.56999999284744263        7.5107967231178456     
 -0.56000000238418579        7.5210296393187139     
 -0.55000001192092896        7.5305985398865536     
 -0.53999996185302734        7.5394889262810736     
 -0.52999997138977051        7.5476869719631399     
 -0.51999998092651367        7.5551798691317780     
 -0.50999999046325684        7.5619556400863628     
 -0.50000000000000000        7.5680032184540611     
 -0.48999997973442078        7.5733124887742029     
 -0.47999998927116394        7.5778742488863173     
 -0.46999999880790710        7.5816803269425153     
 -0.45999997854232788        7.5847235443402710     
 -0.44999998807907104        7.5869977176217480     
 -0.43999999761581421        7.5884977302903298     
 -0.42999997735023499        7.5892195109442016     
 -0.41999998688697815        7.5891600512263606     
 -0.40999999642372131        7.5883174310330244     
 -0.39999997615814209        7.5866908120764629     
 -0.38999998569488525        7.5842804716344636     
 -0.37999999523162842        7.5810877803324326     
 -0.37000000476837158        7.5771152242010640     
 -0.35999998450279236        7.5723663888088559     
 -0.34999999403953552        7.5668460194000549     
 -0.34000000357627869        7.5605599352447639     
 -0.32999998331069946        7.5535150591844058     
 -0.31999999284744263        7.5457194862933301     
 -0.31000000238418579        7.5371823513362095     
 -0.29999998211860657        7.5279138733333735     
 -0.28999999165534973        7.5179254379484588     
 -0.28000000119209290        7.5072294193532487     
 -0.26999998092651367        7.4958392393381654     
 -0.25999999046325684        7.4837694624611943     
 -0.25000000000000000        7.4710355742575763     
 -0.23999999463558197        7.4576540746771354     
 -0.22999998927116394        7.4436424828203993     
 -0.21999999880790710        7.4290192781885258     
 -0.20999999344348907        7.4138038058006348     
 -0.19999998807907104        7.3980163799738108     
 -0.18999999761581421        7.3816781941086793     
 -0.17999999225139618        7.3648112135172763     
 -0.17000000178813934        7.3474383159269099     
 -0.15999999642372131        7.3295830571788727     
 -0.14999999105930328        7.3112698156996370     
 -0.14000000059604645        7.2925236816629111     
 -0.12999999523162842        7.2733703325421324     
 -0.11999999731779099        7.2538361766215527     
 -0.10999999940395355        7.2339481582686211     
  -9.9999994039535522E-002   7.2137337722171404     
  -8.9999996125698090E-002   7.1932210677420398     
  -7.9999998211860657E-002   7.1724385151044165     
  -7.0000000298023224E-002   7.1514150215337242     
  -5.9999998658895493E-002   7.1301798634948144     
  -4.9999997019767761E-002   7.1087626648420592     
  -3.9999999105930328E-002   7.0871933351305909     
  -2.9999999329447746E-002   7.0655020025200752     
  -1.9999999552965164E-002   7.0437190026915601     
  -9.9999997764825821E-003   7.0218748112702709     
   0.0000000000000000        7.0000000000000000     
   9.9999997764825821E-003   6.9781251887297291     
   1.9999999552965164E-002   6.9562809973084399     
   2.9999999329447746E-002   6.9344979974799248     
   3.9999999105930328E-002   6.9128066648694091     
   4.9999997019767761E-002   6.8912373351579408     
   5.9999998658895493E-002   6.8698201365051856     
   7.0000000298023224E-002   6.8485849784662758     
   7.9999998211860657E-002   6.8275614848955835     
   8.9999996125698090E-002   6.8067789322579602     
   9.9999994039535522E-002   6.7862662277828596     
  0.10999999940395355        6.7660518417313789     
  0.11999999731779099        6.7461638233784473     
  0.12999999523162842        6.7266296674578676     
  0.14000000059604645        6.7074763183370889     
  0.14999999105930328        6.6887301843003630     
  0.15999999642372131        6.6704169428211273     
  0.17000000178813934        6.6525616840730901     
  0.17999999225139618        6.6351887864827237     
  0.18999999761581421        6.6183218058913207     
  0.19999998807907104        6.6019836200261892     
  0.20999999344348907        6.5861961941993652     
  0.21999999880790710        6.5709807218114742     
  0.22999998927116394        6.5563575171796007     
  0.23999999463558197        6.5423459253228646     
  0.25000000000000000        6.5289644257424237     
  0.25999999046325684        6.5162305375388057     
  0.26999998092651367        6.5041607606618346     
  0.28000000119209290        6.4927705806467513     
  0.28999999165534973        6.4820745620515412     
  0.29999998211860657        6.4720861266666265     
  0.31000000238418579        6.4628176486637905     
  0.31999999284744263        6.4542805137066699     
  0.32999998331069946        6.4464849408155942     
  0.34000000357627869        6.4394400647552361     
  0.34999999403953552        6.4331539805999451     
  0.35999998450279236        6.4276336111911441     
  0.37000000476837158        6.4228847757989360     
  0.37999999523162842        6.4189122196675674     
  0.38999998569488525        6.4157195283655364     
  0.39999997615814209        6.4133091879235371     
  0.40999999642372131        6.4116825689669756     
  0.41999998688697815        6.4108399487736394     
  0.42999997735023499        6.4107804890557984     
  0.43999999761581421        6.4115022697096702     
  0.44999998807907104        6.4130022823782520     
  0.45999997854232788        6.4152764556597290     
  0.46999999880790710        6.4183196730574847     
  0.47999998927116394        6.4221257511136827     
  0.48999997973442078        6.4266875112257971     
  0.50000000000000000        6.4319967815459389     
  0.50999999046325684        6.4380443599136372     
  0.51999998092651367        6.4448201308682220     
  0.52999997138977051        6.4523130280368601     
  0.53999996185302734        6.4605110737189264     
  0.55000001192092896        6.4694014601134464     
  0.56000000238418579        6.4789703606812861     
  0.56999999284744263        6.4892032768821544     
  0.57999998331069946        6.5000848600543666     
  0.58999997377395630        6.5115989932323695     
  0.59999996423721313        6.5237288230235899     
  0.61000001430511475        6.5364568700260284     
  0.62000000476837158        6.5497647554474243     
  0.62999999523162842        6.5636336909051964     
  0.63999998569488525        6.5780442135687469     
  0.64999997615814209        6.5929762960564995     
  0.65999996662139893        6.6084093827955925     
  0.66999995708465576        6.6243224268691865     
  0.68000000715255737        6.6406940261811558     
  0.68999999761581421        6.6575020679702721     
  0.69999998807907104        6.6747243523578055     
  0.70999997854232788        6.6923382426508562     
  0.71999996900558472        6.7103207997431120     
  0.72999995946884155        6.7286488203201440     
  0.74000000953674316        6.7472989871101356     
  0.75000000000000000        6.7662474603608960     
  0.75999999046325684        6.7854705829310049     
  0.76999998092651367        6.8049444750540919     
  0.77999997138977051        6.8246451819185516     
  0.78999996185302734        6.8445487106470884     
  0.79999995231628418        6.8646310668388164     
  0.81000000238418579        6.8848684116491734     
  0.81999999284744263        6.9052366138326482     
  0.82999998331069946        6.9257120085614066     
  0.83999997377395630        6.9462709498789819     
  0.84999996423721313        6.9668899643485211     
  0.85999995470046997        6.9875457837360297     
  0.87000000476837158        7.0082155000612882     
  0.87999999523162842        7.0288761036719336     
  0.88999998569488525        7.0495052527104773     
  0.89999997615814209        7.0700808093347325     
  0.90999996662139893        7.0905809910001487     
  0.91999995708465576        7.1109843975242510     
  0.93000000715255737        7.1312701576018398     
  0.93999999761581421        7.1514174707359892     
  0.94999998807907104        7.1714063566614108     
  0.95999997854232788        7.1912171934649303     
  0.96999996900558472        7.2108308603088354     
  0.97999995946884155        7.2302287576760138     
  0.98999994993209839        7.2493928264037040     
   1.0000000000000000        7.2683056774378016     
   1.0099999904632568        7.2869501589730952     
   1.0199999809265137        7.3053100483045110     
   1.0299999713897705        7.3233696133700787     
   1.0399999618530273        7.3411137390683390     
   1.0499999523162842        7.3585279388265583     
   1.0599999427795410        7.3755983649167991     
   1.0699999332427979        7.3923118175244511     
   1.0799999237060547        7.4086557525763128     
   1.0900000333786011        7.4246184763075593     
   1.1000000238418579        7.4401883940156992     
   1.1100000143051147        7.4553551561643445     
   1.1200000047683716        7.4701088955054651     
   1.1299999952316284        7.4844404214772551     
   1.1399999856948853        7.4983412208670055     
   1.1499999761581421        7.5118034573459145     
   1.1599999666213989        7.5248199698998883     
   1.1699999570846558        7.5373842701821427     
   1.1799999475479126        7.5494905388150579     
   1.1899999380111694        7.5611336206702742     
   1.1999999284744263        7.5723090191574842     
   1.2099999189376831        7.5830128895537072     
   1.2200000286102295        7.5932421505066179     
   1.2300000190734863        7.6029939934403545     
   1.2400000095367432        7.6122666049004790     
   1.2500000000000000        7.6210586629228114     
   1.2599999904632568        7.6293694508584213     
   1.2699999809265137        7.6371988456762256     
   1.2799999713897705        7.6445473055578654     
   1.2899999618530273        7.6514158568238093     
   1.2999999523162842        7.6578060802300305     
   1.3099999427795410        7.6637200966749761     
   1.3199999332427979        7.6691605523567876     
   1.3299999237060547        7.6741306034208705     
   1.3399999141693115        7.6786339001379682     
   1.3500000238418579        7.6826746160817567     
   1.3600000143051147        7.6862572443416006     
   1.3700000047683716        7.6893868694614795     
   1.3799999952316284        7.6920689520107750     
   1.3899999856948853        7.6943093619304754     
   1.3999999761581421        7.6961143607298048     
   1.4099999666213989        7.6974905834888165     
   1.4199999570846558        7.6984450207045168     
   1.4299999475479126        7.6989850000174647     
   1.4399999380111694        7.6991181678550094     
   1.4499999284744263        7.6988524710266146     
   1.4599999189376831        7.6981961383058195     
   1.4699999094009399        7.6971576620325211     
   1.4800000190734863        7.6957457607470428     
   1.4900000095367432        7.6939694327250905     
   1.5000000000000000        7.6918378366869522     
   1.5099999904632568        7.6893603367937819     
   1.5199999809265137        7.6865464701990760     
   1.5299999713897705        7.6834059294241071     
   1.5399999618530273        7.6799485449605847     
   1.5499999523162842        7.6761842681255956     
   1.5599999427795410        7.6721231541926045     
   1.5699999332427979        7.6677753458211022     
   1.5799999237060547        7.6631510568062291     
   1.5899999141693115        7.6582605561684387     
   1.5999999046325684        7.6531141526020194     
   1.6100000143051147        7.6477221135999924     
   1.6200000047683716        7.6420949107292993     
   1.6299999952316284        7.6362428194065366     
   1.6399999856948853        7.6301761592706709     
   1.6499999761581421        7.6239052178293987     
   1.6599999666213989        7.6174402373849261     
   1.6699999570846558        7.6107914024149395     
   1.6799999475479126        7.6039688274175674     
   1.6899999380111694        7.5969825452279789     
   1.6999999284744263        7.5898424958130235     
   1.7099999189376831        7.5825585155492305     
   1.7199999094009399        7.5751403269883220     
   1.7300000190734863        7.5675974384910765     
   1.7400000095367432        7.5599394961481696     
   1.7500000000000000        7.5521757353495085     
   1.7599999904632568        7.5443153308361879     
   1.7699999809265137        7.5363672997351330     
   1.7799999713897705        7.5283404942776802     
   1.7899999618530273        7.5202435950057280     
   1.7999999523162842        7.5120851044617263     
   1.8099999427795410        7.5038733413579068     
   1.8199999332427979        7.4956164352193682     
   1.8299999237060547        7.4873223214948963     
   1.8399999141693115        7.4789987371286362     
   1.8499999046325684        7.4706532165851014     
   1.8600000143051147        7.4622929886001801     
   1.8700000047683716        7.4539253719166467     
   1.8799999952316284        7.4455571745268827     
   1.8899999856948853        7.4371950899925752     
   1.8999999761581421        7.4288455960144999     
   1.9099999666213989        7.4205149529862524     
   1.9199999570846558        7.4122092029329005     
   1.9299999475479126        7.4039341688230023     
   1.9399999380111694        7.3956954542421336     
   1.9499999284744263        7.3874984434157618     
   1.9599999189376831        7.3793483015690775     
   1.9699999094009399        7.3712499756111507     
   1.9799998998641968        7.3632081951306203     
   1.9900000095367432        7.3552273789335070     
   2.0000000000000000        7.3473120164527845     
   2.0099999904632568        7.3394660986975238     
   2.0199999809265137        7.3316935017044802     
   2.0299999713897705        7.3239978933851102     
   2.0399999618530273        7.3163827361158074     
   2.0499999523162842        7.3088512895477873     
   2.0599999427795410        7.3014066136235565     
   2.0699999332427979        7.2940515717869499     
   2.0799999237060547        7.2867888343738807     
   2.0899999141693115        7.2796208821710406     
   2.0999999046325684        7.2725500101299909     
   2.1099998950958252        7.2655783312242441     
   2.1199998855590820        7.2587077804371427     
   2.1299998760223389        7.2519401188685633     
   2.1399998664855957        7.2452769379487130     
   2.1499998569488525        7.2387196637475419     
   2.1599998474121094        7.2322695613685504     
   2.1699998378753662        7.2259277394160621     
   2.1800000667572021        7.2196950072377479     
   2.1900000572204590        7.2135724712897868     
   2.2000000476837158        7.2075606481540087     
   2.2100000381469727        7.2016600662110637     
   2.2200000286102295        7.1958711204194721     
   2.2300000190734863        7.1901940770113031     
   2.2400000095367432        7.1846290781935442     
   2.2500000000000000        7.1791761468468538     
   2.2599999904632568        7.1738351912136782     
   2.2699999809265137        7.1686060095681272     
   2.2799999713897705        7.1634882948603043     
   2.2899999618530273        7.1584816393281780     
   2.2999999523162842        7.1535855390704306     
   2.3099999427795410        7.1487993985740452     
   2.3199999332427979        7.1441225351907889     
   2.3299999237060547        7.1395541835570615     
   2.3399999141693115        7.1350934999519495     
   2.3499999046325684        7.1307395665886473     
   2.3599998950958252        7.1264913958347611     
   2.3699998855590820        7.1223479343573368     
   2.3799998760223389        7.1183080671887762     
   2.3899998664855957        7.1143706217101368     
   2.3999998569488525        7.1105343715486020     
   2.4099998474121094        7.1067980403862441     
   2.4199998378753662        7.1031603056774841     
   2.4299998283386230        7.0996198022729375     
   2.4400000572204590        7.0961750449510710     
   2.4500000476837158        7.0928247580682378     
   2.4600000381469727        7.0895673861770119     
   2.4700000286102295        7.0864014280134393     
   2.4800000190734863        7.0833253563636580     
   2.4900000095367432        7.0803376210929638     
   2.5000000000000000        7.0774366520725716     
   2.5099999904632568        7.0746208620037816     
   2.5199999809265137        7.0718886491394759     
   2.5299999713897705        7.0692383999030524     
   2.5399999618530273        7.0666684914051219     
   2.5499999523162842        7.0641772938584380     
   2.5599999427795410        7.0617631728917409     
   2.5699999332427979        7.0594244917633180     
   2.5799999237060547        7.0571596134752710     
   2.5899999141693115        7.0549669027895971     
   2.5999999046325684        7.0528447281473410     
   2.6099998950958252        7.0507914634921836     
   2.6199998855590820        7.0488054899999719     
   2.6299998760223389        7.0468851977157687     
   2.6399998664855957        7.0450289871001406     
   2.6499998569488525        7.0432352704864405     
   2.6599998474121094        7.0415024734509846     
   2.6699998378753662        7.0398290360980313     
   2.6799998283386230        7.0382134142615955     
   2.6900000572204590        7.0366540441076868     
   2.7000000476837158        7.0351494905380170     
   2.7100000381469727        7.0336982251442768     
   2.7200000286102295        7.0322987771078260     
   2.7300000190734863        7.0309496961750986     
   2.7400000095367432        7.0296495534052612     
   2.7500000000000000        7.0283969418499721     
   2.7599999904632568        7.0271904771675535     
   2.7699999809265137        7.0260287981738339     
   2.7799999713897705        7.0249105673319878     
   2.7899999618530273        7.0238344711836387     
   2.7999999523162842        7.0227992207235257     
   2.8099999427795410        7.0218035517199899     
   2.8199999332427979        7.0208462249835577     
   2.8299999237060547        7.0199260265858348     
   2.8399999141693115        7.0190417680309398     
   2.8499999046325684        7.0181922863816579     
   2.8599998950958252        7.0173764443424700     
   2.8699998855590820        7.0165931303015778     
   2.8799998760223389        7.0158412583340244     
   2.8899998664855957        7.0151197681679438     
   2.8999998569488525        7.0144276251159585     
   2.9099998474121094        7.0137638199736934     
   2.9199998378753662        7.0131273688873206     
   2.9299998283386230        7.0125173131920215     
   2.9399998188018799        7.0119327192231884     
   2.9500000476837158        7.0113726650353430     
   2.9600000381469727        7.0108362929853136     
   2.9700000286102295        7.0103227293892232     
   2.9800000190734863        7.0098311382120793     
   2.9900000095367432        7.0093607071268647     
   3.0000000000000000        7.0089106471978448     
   3.0099999904632568        7.0084801925480411     
   3.0199999809265137        7.0080686000122574     
   3.0299999713897705        7.0076751487770705     
   3.0399999618530273        7.0072991400090565     
   3.0499999523162842        7.0069398964725620     
   3.0599999427795410        7.0065967621381979     
   3.0699999332427979        7.0062691017832437     
   3.0799999237060547        7.0059563005850540     
   3.0899999141693115        7.0056577637085411     
   3.0999999046325684        7.0053729158887430     
   3.1099998950958252        7.0051012010094293     
   3.1199998855590820        7.0048420816786727     
   3.1299998760223389        7.0045950388022495     
   3.1399998664855957        7.0043595711556801     
   3.1499998569488525        7.0041351949557011     
   3.1599998474121094        7.0039214434318922     
   3.1699998378753662        7.0037178663991506     
   3.1799998283386230        7.0035240298316479     
   3.1899998188018799        7.0033395154389009     
   3.1999998092651367        7.0031639202444911     
   3.2100000381469727        7.0029968522835748     
   3.2200000286102295        7.0028379459163022     
   3.2300000190734863        7.0026868375322007     
   3.2400000095367432        7.0025431812697319     
   3.2500000000000000        7.0024066445322335     
   3.2599999904632568        7.0022769075924662     
   3.2699999809265137        7.0021536632027823     
   3.2799999713897705        7.0020366162112113     
   3.2899999618530273        7.0019254831837259     
   3.2999999523162842        7.0018199920329236     
   3.3099999427795410        7.0017198816533375     
   3.3199999332427979        7.0016249015635585     
   3.3299999237060547        7.0015348115553389     
   3.3399999141693115        7.0014493813498024     
   3.3499999046325684        7.0013683902608932     
   3.3599998950958252        7.0012916268661503     
   3.3699998855590820        7.0012188886848872     
   3.3799998760223389        7.0011499818638399     
   3.3899998664855957        7.0010847208703195     
   3.3999998569488525        7.0010229281928975     
   3.4099998474121094        7.0009644340496324     
   3.4199998378753662        7.0009090761038379     
   3.4299998283386230        7.0008566991873655     
   3.4399998188018799        7.0008071550313753     
   3.4499998092651367        7.0007603020045650     
   3.4600000381469727        7.0007160038320810     
   3.4700000286102295        7.0006741335116160     
   3.4800000190734863        7.0006345667414687     
   3.4900000095367432        7.0005971859696725     
   3.5000000000000000        7.0005618790824009     
   3.5099999904632568        7.0005285391854191     
   3.5199999809265137        7.0004970643924347     
   3.5299999713897705        7.0004673576202263     
   3.5399999618530273        7.0004393263904410     
   3.5499999523162842        7.0004128826379324     
   3.5599999427795410        7.0003879425255366     
   3.5699999332427979        7.0003644262651399     
   3.5799999237060547        7.0003422579449195     
   3.5899999141693115        7.0003213653626242     
   3.5999999046325684        7.0003016798647577     
   3.6099998950958252        7.0002831361915359     
   3.6199998855590820        7.0002656723274708     
   3.6299998760223389        7.0002492293574505     
   3.6399998664855957        7.0002337513281763     
   3.6499998569488525        7.0002191851148137     
   3.6599998474121094        7.0002054802927169     
   3.6699998378753662        7.0001925890140990     
   3.6799998283386230        7.0001804658894935     
   3.6899998188018799        7.0001690678738830     
   3.6999998092651367        7.0001583541573487     
   3.7099997997283936        7.0001482860601127     
   3.7200000286102295        7.0001388267132914     
   3.7300000190734863        7.0001299418497762     
   3.7400000095367432        7.0001215983597511     
   3.7500000000000000        7.0001137651175789     
   3.7599999904632568        7.0001064126641701     
   3.7699999809265137        7.0000995131256056     
   3.7799999713897705        7.0000930401352486     
   3.7899999618530273        7.0000869687592173     
   3.7999999523162842        7.0000812754251198     
   3.8099999427795410        7.0000759378539126     
   3.8199999332427979        7.0000709349947892     
   3.8299999237060547        7.0000662469629749     
   3.8399999141693115        7.0000618549803280     
   3.8499999046325684        7.0000577413186376     
   3.8599998950958252        7.0000538892455229     
   3.8699998855590820        7.0000502829728166     
   3.8799998760223389        7.0000469076073637     
   3.8899998664855957        7.0000437491041101     
   3.8999998569488525        7.0000407942214125     
   3.9099998474121094        7.0000380304784686     
   3.9199998378753662        7.0000354461147882     
   3.9299998283386230        7.0000330300516120     
   3.9399998188018799        7.0000307718552062     
   3.9499998092651367        7.0000286617019496     
   3.9599997997283936        7.0000266903451402     
   3.9700000286102295        7.0000248490410266     
   3.9800000190734863        7.0000231296913027     
   3.9900000095367432        7.0000215245515269     
   4.0000000000000000        7.0000200263825505     
   4.0099997520446777        7.0000186284116248     
   4.0199999809265137        7.0000173241471115     
   4.0299997329711914        7.0000161077052647     
   4.0399999618530273        7.0000149733264410     
   4.0499997138977051        7.0000139158196335     
   4.0599999427795410        7.0000129301089027     
   4.0699996948242188        7.0000120116192583     
   4.0799999237060547        7.0000111558819649     
   4.0899996757507324        7.0000103588691918     
   4.0999999046325684        7.0000096166508543     
   4.1100001335144043        7.0000089256527751     
   4.1199998855590820        7.0000082825175172     
   4.1300001144409180        7.0000076840099990     
   4.1399998664855957        7.0000071272142419     
   4.1500000953674316        7.0000066092924467     
   4.1599998474121094        7.0000061276867385     
   4.1700000762939453        7.0000056799103616     
   4.1799998283386230        7.0000052637218921     
   4.1900000572204590        7.0000048769444190     
   4.1999998092651367        7.0000045176158405     
   4.2100000381469727        7.0000041838324272     
   4.2199997901916504        7.0000038738783550     
   4.2300000190734863        7.0000035860904832     
   4.2399997711181641        7.0000033189698883     
   4.2500000000000000        7.0000030710650849     
   4.2599997520446777        7.0000028410679684     
   4.2699999809265137        7.0000026277130480     
   4.2799997329711914        7.0000024298599071     
   4.2899999618530273        7.0000022464063276     
   4.2999997138977051        7.0000020763590909     
   4.3099999427795410        7.0000019187591471     
   4.3199996948242188        7.0000017727423529     
   4.3299999237060547        7.0000016374750658     
   4.3399996757507324        7.0000015122061967     
   4.3499999046325684        7.0000013962118359     
   4.3600001335144043        7.0000012888348904     
   4.3699998855590820        7.0000011894621377     
   4.3800001144409180        7.0000010975088776     
   4.3899998664855957        7.0000010124484318     
   4.4000000953674316        7.0000009337743245     
   4.4099998474121094        7.0000008610303812     
   4.4200000762939453        7.0000007937783177     
   4.4299998283386230        7.0000007316234214     
   4.4400000572204590        7.0000006741867891     
   4.4499998092651367        7.0000006211272270     
   4.4600000381469727        7.0000005721174920     
   4.4699997901916504        7.0000005268629444     
   4.4800000190734863        7.0000004850812330     
   4.4899997711181641        7.0000004465181709     
   4.5000000000000000        7.0000004109303804     
   4.5099997520446777        7.0000003780987878     
   4.5199999809265137        7.0000003478138133     
   4.5299997329711914        7.0000003198868326     
   4.5399999618530273        7.0000002941375454     
   4.5499997138977051        7.0000002704037030     
   4.5599999427795410        7.0000002485303456     
   4.5699996948242188        7.0000002283780489     
   4.5799999237060547        7.0000002098137593     
   4.5899996757507324        7.0000001927177813     
   4.5999999046325684        7.0000001769759841     
   4.6100001335144043        7.0000001624850476     
   4.6199998855590820        7.0000001491491526     
   4.6300001144409180        7.0000001368777900     
   4.6399998664855957        7.0000001255895690     
   4.6500000953674316        7.0000001152070386     
   4.6599998474121094        7.0000001056605630     
   4.6700000762939453        7.0000000968839267     
   4.6799998283386230        7.0000000888176084     
   4.6900000572204590        7.0000000814050560     
   4.6999998092651367        7.0000000745954392     
   4.7100000381469727        7.0000000683405048     
   4.7199997901916504        7.0000000625968894     
   4.7300000190734863        7.0000000573234571     
   4.7399997711181641        7.0000000524832515     
   4.7500000000000000        7.0000000480412377     
   4.7599997520446777        7.0000000439659482     
   4.7699999809265137        7.0000000402275742     
   4.7799997329711914        7.0000000367993467     
   4.7899999618530273        7.0000000336559269     
   4.7999997138977051        7.0000000307745660     
   4.8099999427795410        7.0000000281337460     
   4.8199996948242188        7.0000000257141499     
   4.8299999237060547        7.0000000234975213     
   4.8399996757507324        7.0000000214674767     
   4.8499999046325684        7.0000000196085397     
   4.8599996566772461        7.0000000179068271     
   4.8699998855590820        7.0000000163492331     
   4.8800001144409180        7.0000000149239368     
   4.8899998664855957        7.0000000136200473     
   4.9000000953674316        7.0000000124273711     
   4.9099998474121094        7.0000000113367662     
   4.9200000762939453        7.0000000103396207     
   4.9299998283386230        7.0000000094282111     
   4.9400000572204590        7.0000000085952703     
   4.9499998092651367        7.0000000078342808     
   4.9600000381469727        7.0000000071391133     
   4.9699997901916504        7.0000000065042753     
   4.9800000190734863        7.0000000059246004     
   4.9899997711181641        7.0000000053954636     
   5.0000000000000000        7.0000000049125175     
