  -5.0000000000000000        21.000039717607386     
  -4.9899997711181641        21.000042926231746     
  -4.9800000190734863        21.000046382050066     
  -4.9699997901916504        21.000050103455028     
  -4.9600000381469727        21.000054109390000     
  -4.9499998092651367        21.000058420850991     
  -4.9400000572204590        21.000063059436371     
  -4.9299998283386230        21.000068049083598     
  -4.9200000762939453        21.000073414386460     
  -4.9099998474121094        21.000079182601148     
  -4.9000000953674316        21.000085381695985     
  -4.8899998664855957        21.000092042666164     
  -4.8800001144409180        21.000099197275997     
  -4.8699998855590820        21.000106880726999     
  -4.8599996566772461        21.000115129454578     
  -4.8499999046325684        21.000123982163075     
  -4.8399996757507324        21.000133481353508     
  -4.8299999237060547        21.000143670437733     
  -4.8199996948242188        21.000154597526514     
  -4.8099999427795410        21.000166311694517     
  -4.7999997138977051        21.000178867330305     
  -4.7899999618530273        21.000192319834788     
  -4.7799997329711914        21.000206730611104     
  -4.7699999809265137        21.000222162116312     
  -4.7599997520446777        21.000238683579123     
  -4.7500000000000000        21.000256365314193     
  -4.7399997711181641        21.000275285266724     
  -4.7300000190734863        21.000295522487093     
  -4.7199997901916504        21.000317164613747     
  -4.7100000381469727        21.000340300392914     
  -4.6999998092651367        21.000365028224902     
  -4.6900000572204590        21.000391447599235     
  -4.6799998283386230        21.000419668844714     
  -4.6700000762939453        21.000449803334305     
  -4.6599998474121094        21.000481974596170     
  -4.6500000953674316        21.000516307124837     
  -4.6399998664855957        21.000552939029095     
  -4.6300001144409180        21.000592009266331     
  -4.6199998855590820        21.000633672023753     
  -4.6100001335144043        21.000678082171021     
  -4.5999999046325684        21.000725411593979     
  -4.5899996757507324        21.000775835117786     
  -4.5799999237060547        21.000829536632185     
  -4.5699996948242188        21.000886717890772     
  -4.5599999427795410        21.000947580635810     
  -4.5499997138977051        21.001012348941849     
  -4.5399999618530273        21.001081246450990     
  -4.5299997329711914        21.001154521649106     
  -4.5199999809265137        21.001232422064476     
  -4.5099997520446777        21.001315222828556     
  -4.5000000000000000        21.001403197468690     
  -4.4899997711181641        21.001496650142876     
  -4.4800000190734863        21.001595882617536     
  -4.4699997901916504        21.001701230606496     
  -4.4600000381469727        21.001813026481653     
  -4.4499998092651367        21.001931640190694     
  -4.4400000572204590        21.002057437201504     
  -4.4299998283386230        21.002190824521225     
  -4.4200000762939453        21.002332203324364     
  -4.4099998474121094        21.002482020647776     
  -4.4000000953674316        21.002640716097350     
  -4.3899998664855957        21.002808779849644     
  -4.3800001144409180        21.002986692772598     
  -4.3699998855590820        21.003174991424956     
  -4.3600001335144043        21.003374200862485     
  -4.3499999046325684        21.003584907391353     
  -4.3399996757507324        21.003807694183298     
  -4.3299999237060547        21.004043168004834     
  -4.3199996948242188        21.004291996330206     
  -4.3099999427795410        21.004554827979224     
  -4.2999997138977051        21.004832389032547     
  -4.2899999618530273        21.005125383262722     
  -4.2799997329711914        21.005434599030227     
  -4.2699999809265137        21.005760798198963     
  -4.2599997520446777        21.006104835121288     
  -4.2500000000000000        21.006467532868903     
  -4.2399997711181641        21.006849815507284     
  -4.2300000190734863        21.007252570375911     
  -4.2199997901916504        21.007676794949731     
  -4.2100000381469727        21.008123443800432     
  -4.1999998092651367        21.008593591444928     
  -4.1900000572204590        21.009088262511938     
  -4.1799998283386230        21.009608612084833     
  -4.1700000762939453        21.010155737485292     
  -4.1599998474121094        21.010730877730040     
  -4.1500000953674316        21.011335205226040     
  -4.1399998664855957        21.011970046077380     
  -4.1300001144409180        21.012636649864724     
  -4.1199998855590820        21.013336432659592     
  -4.1100001335144043        21.014070722934825     
  -4.0999999046325684        21.014841029268414     
  -4.0899996757507324        21.015648799736031     
  -4.0799999237060547        21.016495519245499     
  -4.0699996948242188        21.017382838968988     
  -4.0599999427795410        21.018312289038480     
  -4.0499997138977051        21.019285617493733     
  -4.0399999618530273        21.020304435373010     
  -4.0299997329711914        21.021370588314149     
  -4.0199999809265137        21.022485767345987     
  -4.0099997520446777        21.023651915718343     
  -4.0000000000000000        21.024870802701802     
  -3.9900000095367432        21.026144437322888     
  -3.9800000190734863        21.027474757512621     
  -3.9700000286102295        21.028863771487181     
  -3.9599997997283936        21.030313563752511     
  -3.9499998092651367        21.031826154385843     
  -3.9399998188018799        21.033403705181737     
  -3.9299998283386230        21.035048381572384     
  -3.9199998378753662        21.036762384970984     
  -3.9099998474121094        21.038547951111706     
  -3.8999998569488525        21.040407348211840     
  -3.8899998664855957        21.042342874949046     
  -3.8799998760223389        21.044356858246680     
  -3.8699998855590820        21.046451650860252     
  -3.8599998950958252        21.048629628758171     
  -3.8499999046325684        21.050893188290004     
  -3.8399999141693115        21.053244743135696     
  -3.8299999237060547        21.055686721029314     
  -3.8199999332427979        21.058221560251116     
  -3.8099999427795410        21.060851705882008     
  -3.7999999523162842        21.063579605814652     
  -3.7899999618530273        21.066407706515960     
  -3.7799999713897705        21.069338448535810     
  -3.7699999809265137        21.072374261757520     
  -3.7599999904632568        21.075517560385741     
  -3.7500000000000000        21.078770737668108     
  -3.7400000095367432        21.082136160347449     
  -3.7300000190734863        21.085616162841799     
  -3.7200000286102295        21.089213041150270     
  -3.7099997997283936        21.092929136517530     
  -3.6999998092651367        21.096766471568930     
  -3.6899998188018799        21.100727274888719     
  -3.6799998283386230        21.104813622337812     
  -3.6699998378753662        21.109027516749329     
  -3.6599998474121094        21.113370880184974     
  -3.6499998569488525        21.117845545923327     
  -3.6399998664855957        21.122453250184414     
  -3.6299998760223389        21.127195623595892     
  -3.6199998855590820        21.132074182407365     
  -3.6099998950958252        21.137090319460341     
  -3.5999999046325684        21.142245294922525     
  -3.5899999141693115        21.147540226796366     
  -3.5799999237060547        21.152976081212969     
  -3.5699999332427979        21.158553662523797     
  -3.5599999427795410        21.164273603203853     
  -3.5499999523162842        21.170136353581434     
  -3.5399999618530273        21.176142171410891     
  -3.5299999713897705        21.182291111306263     
  -3.5199999809265137        21.188583014055094     
  -3.5099999904632568        21.195017495833198     
  -3.5000000000000000        21.201593937342629     
  -3.4900000095367432        21.208311472896607     
  -3.4800000190734863        21.215168979476715     
  -3.4700000286102295        21.222165065789110     
  -3.4600000381469727        21.229298061348135     
  -3.4499998092651367        21.236566180490005     
  -3.4399998188018799        21.243966815244967     
  -3.4299998283386230        21.251497564457903     
  -3.4199998378753662        21.259155533328549     
  -3.4099998474121094        21.266937494791183     
  -3.3999998569488525        21.274839879442169     
  -3.3899998664855957        21.282858765735106     
  -3.3799998760223389        21.290989870483696     
  -3.3699998855590820        21.299228539713496     
  -3.3599998950958252        21.307569739905272     
  -3.3499999046325684        21.316008049673496     
  -3.3399999141693115        21.324537651924903     
  -3.3299999237060547        21.333152326542855     
  -3.3199999332427979        21.341845443644267     
  -3.3099999427795410        21.350609957456577     
  -3.2999999523162842        21.359438400863052     
  -3.2899999618530273        21.368322880665179     
  -3.2799999713897705        21.377255073611479     
  -3.2699999809265137        21.386226223242293     
  -3.2599999904632568        21.395227137600287     
  -3.2500000000000000        21.404248187856545     
  -3.2400000095367432        21.413279307901792     
  -3.2300000190734863        21.422309994952187     
  -3.2200000286102295        21.431329311218427     
  -3.2100000381469727        21.440325886686463     
  -3.1999998092651367        21.449288136220769     
  -3.1899998188018799        21.458203410790052     
  -3.1799998283386230        21.467059286329849     
  -3.1699998378753662        21.475842715586822     
  -3.1599998474121094        21.484540251273419     
  -3.1499998569488525        21.493138056466339     
  -3.1399998664855957        21.501621916417665     
  -3.1299998760223389        21.509977251813840     
  -3.1199998855590820        21.518189133515126     
  -3.1099998950958252        21.526242298805137     
  -3.0999999046325684        21.534121169176998     
  -3.0899999141693115        21.541809869679287     
  -3.0799999237060547        21.549292249841205     
  -3.0699999332427979        21.556551906192635     
  -3.0599999427795410        21.563572206390553     
  -3.0499999523162842        21.570336314958904     
  -3.0399999618530273        21.576827220644454     
  -3.0299999713897705        21.583027765386209     
  -3.0199999809265137        21.588920674891071     
  -3.0099999904632568        21.594488590802886     
  -3.0000000000000000        21.599714104446701     
  -2.9900000095367432        21.604579792124220     
  -2.9800000190734863        21.609068251930573     
  -2.9700000286102295        21.613162142056414     
  -2.9600000381469727        21.616844220533018     
  -2.9500000476837158        21.620097386371786     
  -2.9399998188018799        21.622904783526948     
  -2.9299998283386230        21.625249587490309     
  -2.9199998378753662        21.627115452445278     
  -2.9099998474121094        21.628486278538055     
  -2.8999998569488525        21.629346331338255     
  -2.8899998664855957        21.629680289946645     
  -2.8799998760223389        21.629473295967014     
  -2.8699998855590820        21.628711003238703     
  -2.8599998950958252        21.627379628219270     
  -2.8499999046325684        21.625466000900026     
  -2.8399999141693115        21.622957616130243     
  -2.8299999237060547        21.619842685219229     
  -2.8199999332427979        21.616110187678988     
  -2.8099999427795410        21.611749922963718     
  -2.7999999523162842        21.606752562056389     
  -2.7899999618530273        21.601109698746757     
  -2.7799999713897705        21.594813900439423     
  -2.7699999809265137        21.587858758325510     
  -2.7599999904632568        21.580238936746373     
  -2.7500000000000000        21.571950221573303     
  -2.7400000095367432        21.562989567423056     
  -2.7300000190734863        21.553355143525263     
  -2.7200000286102295        21.543046378054701     
  -2.7100000381469727        21.532064000738583     
  -2.7000000476837158        21.520410083546967     
  -2.6900000572204590        21.508088079272802     
  -2.6799998283386230        21.495102540356051     
  -2.6699998378753662        21.481460406889440     
  -2.6599998474121094        21.467169179921122     
  -2.6499998569488525        21.452238172358729     
  -2.6399998664855957        21.436678232377087     
  -2.6299998760223389        21.420501765266671     
  -2.6199998855590820        21.403722751828891     
  -2.6099998950958252        21.386356763136675     
  -2.5999999046325684        21.368420971483815     
  -2.5899999141693115        21.349934157352195     
  -2.5799999237060547        21.330916712232682     
  -2.5699999332427979        21.311390637142871     
  -2.5599999427795410        21.291379536693128     
  -2.5499999523162842        21.270908608561584     
  -2.5399999618530273        21.250004628248650     
  -2.5299999713897705        21.228695928992575     
  -2.5199999809265137        21.207012376739161     
  -2.5099999904632568        21.184985340071368     
  -2.5000000000000000        21.162647655017871     
  -2.4900000095367432        21.140033584673784     
  -2.4800000190734863        21.117178773581703     
  -2.4700000286102295        21.094120196836908     
  -2.4600000381469727        21.070896103897020     
  -2.4500000476837158        21.047545957093433     
  -2.4400000572204590        21.024110364859649     
  -2.4299998283386230        21.000630449733588     
  -2.4199998378753662        20.977150011534899     
  -2.4099998474121094        20.953712084740967     
  -2.3999998569488525        20.930361090405061     
  -2.3899998664855957        20.907142184418205     
  -2.3799998760223389        20.884101160419391     
  -2.3699998855590820        20.861284348069432     
  -2.3599998950958252        20.838738506862693     
  -2.3499999046325684        20.816510715672067     
  -2.3399999141693115        20.794648258243637     
  -2.3299999237060547        20.773198504878632     
  -2.3199999332427979        20.752208790561170     
  -2.3099999427795410        20.731726289811011     
  -2.2999999523162842        20.711797888560962     
  -2.2899999618530273        20.692470053378560     
  -2.2799999713897705        20.673788698371148     
  -2.2699999809265137        20.655799050132376     
  -2.2599999904632568        20.638545511106386     
  -2.2500000000000000        20.622071521763296     
  -2.2400000095367432        20.606419421996257     
  -2.2300000190734863        20.591630312165758     
  -2.2200000286102295        20.577743914231554     
  -2.2100000381469727        20.564798433425654     
  -2.2000000476837158        20.552830420932111     
  -2.1900000572204590        20.541874638049865     
  -2.1800000667572021        20.531963922324238     
  -2.1699998378753662        20.523128858557818     
  -2.1599998474121094        20.515398467350693     
  -2.1499998569488525        20.508798815258409     
  -2.1399998664855957        20.503353762823192     
  -2.1299998760223389        20.499084624462377     
  -2.1199998855590820        20.496010056925037     
  -2.1099998950958252        20.494145953237371     
  -2.0999999046325684        20.493505342635153     
  -2.0899999141693115        20.494098296974382     
  -2.0799999237060547        20.495931844102344     
  -2.0699999332427979        20.499009888659753     
  -2.0599999427795410        20.503333140771520     
  -2.0499999523162842        20.508899053067903     
  -2.0399999618530273        20.515701766460339     
  -2.0299999713897705        20.523732065076160     
  -2.0199999809265137        20.532977340734671     
  -2.0099999904632568        20.543421567322731     
  -2.0000000000000000        20.555045285402009     
  -1.9900000095367432        20.567825597351760     
  -1.9799998998641968        20.581736345770153     
  -1.9699999094009399        20.596747453608312     
  -1.9599999189376831        20.612825947927252     
  -1.9499999284744263        20.629935349368132     
  -1.9399999380111694        20.648035882555341     
  -1.9299999475479126        20.667084539014269     
  -1.9199999570846558        20.687035151805144     
  -1.9099999666213989        20.707838481886544     
  -1.8999999761581421        20.729442316179302     
  -1.8899999856948853        20.751791577257684     
  -1.8799999952316284        20.774828444549765     
  -1.8700000047683716        20.798492486883571     
  -1.8600000143051147        20.822720806169208     
  -1.8499999046325684        20.847448489443718     
  -1.8399999141693115        20.872607588815956     
  -1.8299999237060547        20.898129066681626     
  -1.8199999332427979        20.923941806855471     
  -1.8099999427795410        20.949973101088933     
  -1.7999999523162842        20.976148852558001     
  -1.7899999618530273        21.002393787719207     
  -1.7799999713897705        21.028631675957168     
  -1.7699999809265137        21.054785556404408     
  -1.7599999904632568        21.080777971272866     
  -1.7500000000000000        21.106531204996994     
  -1.7400000095367432        21.131967528450442     
  -1.7300000190734863        21.157009447462595     
  -1.7199999094009399        21.181580244617415     
  -1.7099999189376831        21.205603067778110     
  -1.6999999284744263        21.229002945324925     
  -1.6899999380111694        21.251705865199508     
  -1.6799999475479126        21.273639328095353     
  -1.6699999570846558        21.294732603827228     
  -1.6599999666213989        21.314916985794163     
  -1.6499999761581421        21.334126042572290     
  -1.6399999856948853        21.352295865664566     
  -1.6299999952316284        21.369365312429014     
  -1.6200000047683716        21.385276243205563     
  -1.6100000143051147        21.399973751663907     
  -1.5999999046325684        21.413406539797858     
  -1.5899999141693115        21.425526506307715     
  -1.5799999237060547        21.436289912463646     
  -1.5699999332427979        21.445656919460120     
  -1.5599999427795410        21.453591938340107     
  -1.5499999523162842        21.460063799786042     
  -1.5399999618530273        21.465045910699203     
  -1.5299999713897705        21.468516396757117     
  -1.5199999809265137        21.470458230178178     
  -1.5099999904632568        21.470859341966143     
  -1.5000000000000000        21.469712717954550     
  -1.4900000095367432        21.467016478022302     
  -1.4800000190734863        21.462773937906398     
  -1.4699999094009399        21.456993575073501     
  -1.4599999189376831        21.449689348268137     
  -1.4499999284744263        21.440880290585163     
  -1.4399999380111694        21.430590754589083     
  -1.4299999475479126        21.418850320888733     
  -1.4199999570846558        21.405693746959297     
  -1.4099999666213989        21.391160896343823     
  -1.3999999761581421        21.375296648206124     
  -1.3899999856948853        21.358150787284959     
  -1.3799999952316284        21.339777874378733     
  -1.3700000047683716        21.320237097570192     
  -1.3600000143051147        21.299592104481498     
  -1.3500000238418579        21.277910815930991     
  -1.3399999141693115        21.255264946037279     
  -1.3299999237060547        21.231730871620051     
  -1.3199999332427979        21.207387771998398     
  -1.3099999427795410        21.182318442935976     
  -1.2999999523162842        21.156608761332517     
  -1.2899999618530273        21.130347399573662     
  -1.2799999713897705        21.103625526099137     
  -1.2699999809265137        21.076536493175333     
  -1.2599999904632568        21.049175512925597     
  -1.2500000000000000        21.021639322735343     
  -1.2400000095367432        20.994025841209027     
  -1.2300000190734863        20.966433815912325     
  -1.2200000286102295        20.938962464184431     
  -1.2099999189376831        20.911710785196099     
  -1.1999999284744263        20.884778487957696     
  -1.1899999380111694        20.858263668552102     
  -1.1799999475479126        20.832263740393522     
  -1.1699999570846558        20.806874734764261     
  -1.1599999666213989        20.782190929308719     
  -1.1499999761581421        20.758304479616505     
  -1.1399999856948853        20.735305055404474     
  -1.1299999952316284        20.713279482808634     
  -1.1200000047683716        20.692311394291618     
  -1.1100000143051147        20.672480887659638     
  -1.1000000238418579        20.653864195664269     
  -1.0900000333786011        20.636533367639490     
  -1.0799999237060547        20.620555782448417     
  -1.0699999332427979        20.605994604221838     
  -1.0599999427795410        20.592907364534586     
  -1.0499999523162842        20.581346484863044     
  -1.0399999618530273        20.571358840153305     
  -1.0299999713897705        20.562985540896005     
  -1.0199999809265137        20.556261736139508     
  -1.0099999904632568        20.551216438460216     
  -1.0000000000000000        20.547872371828191     
 -0.98999994993209839        20.546245838667122     
 -0.97999995946884155        20.546346644503249     
 -0.96999996900558472        20.548177961008655     
 -0.95999997854232788        20.551736322157240     
 -0.94999998807907104        20.557011582653434     
 -0.93999999761581421        20.563986917756555     
 -0.93000000715255737        20.572638849924473     
 -0.91999995708465576        20.582937368636649     
 -0.90999996662139893        20.594845755569121     
 -0.89999997615814209        20.608321060704469     
 -0.88999998569488525        20.623314000552956     
 -0.87999999523162842        20.639769175201920     
 -0.87000000476837158        20.657625254787870     
 -0.85999995470046997        20.676815309563999     
 -0.84999996423721313        20.697266580899409     
 -0.83999997377395630        20.718901428718269     
 -0.82999998331069946        20.741637164993360     
 -0.81999999284744263        20.765386469822634     
 -0.81000000238418579        20.790057717981320     
 -0.79999995231628418        20.815555479469253     
 -0.78999996185302734        20.841780271318385     
 -0.77999997138977051        20.868629852169146     
 -0.76999998092651367        20.895999016022348     
 -0.75999999046325684        20.923780153301852     
 -0.75000000000000000        20.951863674714819     
 -0.74000000953674316        20.980138445825510     
 -0.72999995946884155        21.008492399599366     
 -0.71999996900558472        21.036812310488958     
 -0.70999997854232788        21.064985265426166     
 -0.69999998807907104        21.092898446869821     
 -0.68999999761581421        21.120439762525670     
 -0.68000000715255737        21.147498305717559     
 -0.66999995708465576        21.173964969104620     
 -0.65999996662139893        21.199732270654405     
 -0.64999997615814209        21.224695748324532     
 -0.63999998569488525        21.248753763680700     
 -0.62999999523162842        21.271808090219299     
 -0.62000000476837158        21.293764329959536     
 -0.61000001430511475        21.314532316078456     
 -0.59999996423721313        21.334026612021141     
 -0.58999997377395630        21.352166423623956     
 -0.57999998331069946        21.368876647183122     
 -0.56999999284744263        21.384087725887490     
 -0.56000000238418579        21.397736076952100     
 -0.55000001192092896        21.409764374916342     
 -0.53999996185302734        21.420121866501319     
 -0.52999997138977051        21.428764365458239     
 -0.51999998092651367        21.435654827741494     
 -0.50999999046325684        21.440763270145457     
 -0.50000000000000000        21.444066983540921     
 -0.48999997973442078        21.445550650880197     
 -0.47999998927116394        21.445206420436488     
 -0.46999999880790710        21.443033986532981     
 -0.45999997854232788        21.439040574248203     
 -0.44999998807907104        21.433240990127818     
 -0.43999999761581421        21.425657509188003     
 -0.42999997735023499        21.416319813201799     
 -0.41999998688697815        21.405264992745977     
 -0.40999999642372131        21.392537243243272     
 -0.39999997615814209        21.378187758196713     
 -0.38999998569488525        21.362274681639732     
 -0.37999999523162842        21.344862623367703     
 -0.37000000476837158        21.326022568644596     
 -0.35999998450279236        21.305831491237665     
 -0.34999999403953552        21.284372287070610     
 -0.34000000357627869        21.261733076312613     
 -0.32999998331069946        21.238007007600302     
 -0.31999999284744263        21.213292102973600     
 -0.31000000238418579        21.187690429280210     
 -0.29999998211860657        21.161307875309380     
 -0.28999999165534973        21.134253959009872     
 -0.28000000119209290        21.106640899156098     
 -0.26999998092651367        21.078583374041301     
 -0.25999999046325684        21.050198298533459     
 -0.25000000000000000        21.021603831040469     
 -0.23999999463558197        20.992919166102343     
 -0.22999998927116394        20.964264076451155     
 -0.21999999880790710        20.935758320564457     
 -0.20999999344348907        20.907521008083997     
 -0.19999998807907104        20.879670348965636     
 -0.18999999761581421        20.852323021068688     
 -0.17999999225139618        20.825593553896343     
 -0.17000000178813934        20.799594122879316     
 -0.15999999642372131        20.774433753025821     
 -0.14999999105930328        20.750218126525350     
 -0.14000000059604645        20.727049008251129     
 -0.12999999523162842        20.705023712875661     
 -0.11999999731779099        20.684234909841255     
 -0.10999999940395355        20.664770039162107     
  -9.9999994039535522E-002   20.646711007297647     
  -8.9999996125698090E-002   20.630133871155099     
  -7.9999998211860657E-002   20.615108430439449     
  -7.0000000298023224E-002   20.601697982305858     
  -5.9999998658895493E-002   20.589959030921687     
  -4.9999997019767761E-002   20.579941057643609     
  -3.9999999105930328E-002   20.571686295943792     
  -2.9999999329447746E-002   20.565229544149364     
  -1.9999999552965164E-002   20.560598030136969     
  -9.9999997764825821E-003   20.557811285456133     
   0.0000000000000000        20.556881062825248     
   9.9999997764825821E-003   20.557811285456133     
   1.9999999552965164E-002   20.560598030136969     
   2.9999999329447746E-002   20.565229544149364     
   3.9999999105930328E-002   20.571686295943792     
   4.9999997019767761E-002   20.579941057643609     
   5.9999998658895493E-002   20.589959030921687     
   7.0000000298023224E-002   20.601697982305858     
   7.9999998211860657E-002   20.615108430439449     
   8.9999996125698090E-002   20.630133871155099     
   9.9999994039535522E-002   20.646711007297647     
  0.10999999940395355        20.664770039162107     
  0.11999999731779099        20.684234909841255     
  0.12999999523162842        20.705023712875661     
  0.14000000059604645        20.727049008251129     
  0.14999999105930328        20.750218126525350     
  0.15999999642372131        20.774433753025821     
  0.17000000178813934        20.799594122879316     
  0.17999999225139618        20.825593553896343     
  0.18999999761581421        20.852323021068688     
  0.19999998807907104        20.879670348965636     
  0.20999999344348907        20.907521008083997     
  0.21999999880790710        20.935758320564457     
  0.22999998927116394        20.964264076451155     
  0.23999999463558197        20.992919166102343     
  0.25000000000000000        21.021603831040469     
  0.25999999046325684        21.050198298533459     
  0.26999998092651367        21.078583374041301     
  0.28000000119209290        21.106640899156098     
  0.28999999165534973        21.134253959009872     
  0.29999998211860657        21.161307875309380     
  0.31000000238418579        21.187690429280210     
  0.31999999284744263        21.213292102973600     
  0.32999998331069946        21.238007007600302     
  0.34000000357627869        21.261733076312613     
  0.34999999403953552        21.284372287070610     
  0.35999998450279236        21.305831491237665     
  0.37000000476837158        21.326022568644596     
  0.37999999523162842        21.344862623367703     
  0.38999998569488525        21.362274681639732     
  0.39999997615814209        21.378187758196713     
  0.40999999642372131        21.392537243243272     
  0.41999998688697815        21.405264992745977     
  0.42999997735023499        21.416319813201799     
  0.43999999761581421        21.425657509188003     
  0.44999998807907104        21.433240990127818     
  0.45999997854232788        21.439040574248203     
  0.46999999880790710        21.443033986532981     
  0.47999998927116394        21.445206420436488     
  0.48999997973442078        21.445550650880197     
  0.50000000000000000        21.444066983540921     
  0.50999999046325684        21.440763270145457     
  0.51999998092651367        21.435654827741494     
  0.52999997138977051        21.428764365458239     
  0.53999996185302734        21.420121866501319     
  0.55000001192092896        21.409764374916342     
  0.56000000238418579        21.397736076952100     
  0.56999999284744263        21.384087725887490     
  0.57999998331069946        21.368876647183122     
  0.58999997377395630        21.352166423623956     
  0.59999996423721313        21.334026612021141     
  0.61000001430511475        21.314532316078456     
  0.62000000476837158        21.293764329959536     
  0.62999999523162842        21.271808090219299     
  0.63999998569488525        21.248753763680700     
  0.64999997615814209        21.224695748324532     
  0.65999996662139893        21.199732270654405     
  0.66999995708465576        21.173964969104620     
  0.68000000715255737        21.147498305717559     
  0.68999999761581421        21.120439762525670     
  0.69999998807907104        21.092898446869821     
  0.70999997854232788        21.064985265426166     
  0.71999996900558472        21.036812310488958     
  0.72999995946884155        21.008492399599366     
  0.74000000953674316        20.980138445825510     
  0.75000000000000000        20.951863674714819     
  0.75999999046325684        20.923780153301852     
  0.76999998092651367        20.895999016022348     
  0.77999997138977051        20.868629852169146     
  0.78999996185302734        20.841780271318385     
  0.79999995231628418        20.815555479469253     
  0.81000000238418579        20.790057717981320     
  0.81999999284744263        20.765386469822634     
  0.82999998331069946        20.741637164993360     
  0.83999997377395630        20.718901428718269     
  0.84999996423721313        20.697266580899409     
  0.85999995470046997        20.676815309563999     
  0.87000000476837158        20.657625254787870     
  0.87999999523162842        20.639769175201920     
  0.88999998569488525        20.623314000552956     
  0.89999997615814209        20.608321060704469     
  0.90999996662139893        20.594845755569121     
  0.91999995708465576        20.582937368636649     
  0.93000000715255737        20.572638849924473     
  0.93999999761581421        20.563986917756555     
  0.94999998807907104        20.557011582653434     
  0.95999997854232788        20.551736322157240     
  0.96999996900558472        20.548177961008655     
  0.97999995946884155        20.546346644503249     
  0.98999994993209839        20.546245838667122     
   1.0000000000000000        20.547872371828191     
   1.0099999904632568        20.551216438460216     
   1.0199999809265137        20.556261736139508     
   1.0299999713897705        20.562985540896005     
   1.0399999618530273        20.571358840153305     
   1.0499999523162842        20.581346484863044     
   1.0599999427795410        20.592907364534586     
   1.0699999332427979        20.605994604221838     
   1.0799999237060547        20.620555782448417     
   1.0900000333786011        20.636533367639490     
   1.1000000238418579        20.653864195664269     
   1.1100000143051147        20.672480887659638     
   1.1200000047683716        20.692311394291618     
   1.1299999952316284        20.713279482808634     
   1.1399999856948853        20.735305055404474     
   1.1499999761581421        20.758304479616505     
   1.1599999666213989        20.782190929308719     
   1.1699999570846558        20.806874734764261     
   1.1799999475479126        20.832263740393522     
   1.1899999380111694        20.858263668552102     
   1.1999999284744263        20.884778487957696     
   1.2099999189376831        20.911710785196099     
   1.2200000286102295        20.938962464184431     
   1.2300000190734863        20.966433815912325     
   1.2400000095367432        20.994025841209027     
   1.2500000000000000        21.021639322735343     
   1.2599999904632568        21.049175512925597     
   1.2699999809265137        21.076536493175333     
   1.2799999713897705        21.103625526099137     
   1.2899999618530273        21.130347399573662     
   1.2999999523162842        21.156608761332517     
   1.3099999427795410        21.182318442935976     
   1.3199999332427979        21.207387771998398     
   1.3299999237060547        21.231730871620051     
   1.3399999141693115        21.255264946037279     
   1.3500000238418579        21.277910815930991     
   1.3600000143051147        21.299592104481498     
   1.3700000047683716        21.320237097570192     
   1.3799999952316284        21.339777874378733     
   1.3899999856948853        21.358150787284959     
   1.3999999761581421        21.375296648206124     
   1.4099999666213989        21.391160896343823     
   1.4199999570846558        21.405693746959297     
   1.4299999475479126        21.418850320888733     
   1.4399999380111694        21.430590754589083     
   1.4499999284744263        21.440880290585163     
   1.4599999189376831        21.449689348268137     
   1.4699999094009399        21.456993575073501     
   1.4800000190734863        21.462773937906398     
   1.4900000095367432        21.467016478022302     
   1.5000000000000000        21.469712717954550     
   1.5099999904632568        21.470859341966143     
   1.5199999809265137        21.470458230178178     
   1.5299999713897705        21.468516396757117     
   1.5399999618530273        21.465045910699203     
   1.5499999523162842        21.460063799786042     
   1.5599999427795410        21.453591938340107     
   1.5699999332427979        21.445656919460120     
   1.5799999237060547        21.436289912463646     
   1.5899999141693115        21.425526506307715     
   1.5999999046325684        21.413406539797858     
   1.6100000143051147        21.399973751663907     
   1.6200000047683716        21.385276243205563     
   1.6299999952316284        21.369365312429014     
   1.6399999856948853        21.352295865664566     
   1.6499999761581421        21.334126042572290     
   1.6599999666213989        21.314916985794163     
   1.6699999570846558        21.294732603827228     
   1.6799999475479126        21.273639328095353     
   1.6899999380111694        21.251705865199508     
   1.6999999284744263        21.229002945324925     
   1.7099999189376831        21.205603067778110     
   1.7199999094009399        21.181580244617415     
   1.7300000190734863        21.157009447462595     
   1.7400000095367432        21.131967528450442     
   1.7500000000000000        21.106531204996994     
   1.7599999904632568        21.080777971272866     
   1.7699999809265137        21.054785556404408     
   1.7799999713897705        21.028631675957168     
   1.7899999618530273        21.002393787719207     
   1.7999999523162842        20.976148852558001     
   1.8099999427795410        20.949973101088933     
   1.8199999332427979        20.923941806855471     
   1.8299999237060547        20.898129066681626     
   1.8399999141693115        20.872607588815956     
   1.8499999046325684        20.847448489443718     
   1.8600000143051147        20.822720806169208     
   1.8700000047683716        20.798492486883571     
   1.8799999952316284        20.774828444549765     
   1.8899999856948853        20.751791577257684     
   1.8999999761581421        20.729442316179302     
   1.9099999666213989        20.707838481886544     
   1.9199999570846558        20.687035151805144     
   1.9299999475479126        20.667084539014269     
   1.9399999380111694        20.648035882555341     
   1.9499999284744263        20.629935349368132     
   1.9599999189376831        20.612825947927252     
   1.9699999094009399        20.596747453608312     
   1.9799998998641968        20.581736345770153     
   1.9900000095367432        20.567825597351760     
   2.0000000000000000        20.555045285402009     
   2.0099999904632568        20.543421567322731     
   2.0199999809265137        20.532977340734671     
   2.0299999713897705        20.523732065076160     
   2.0399999618530273        20.515701766460339     
   2.0499999523162842        20.508899053067903     
   2.0599999427795410        20.503333140771520     
   2.0699999332427979        20.499009888659753     
   2.0799999237060547        20.495931844102344     
   2.0899999141693115        20.494098296974382     
   2.0999999046325684        20.493505342635153     
   2.1099998950958252        20.494145953237371     
   2.1199998855590820        20.496010056925037     
   2.1299998760223389        20.499084624462377     
   2.1399998664855957        20.503353762823192     
   2.1499998569488525        20.508798815258409     
   2.1599998474121094        20.515398467350693     
   2.1699998378753662        20.523128858557818     
   2.1800000667572021        20.531963922324238     
   2.1900000572204590        20.541874638049865     
   2.2000000476837158        20.552830420932111     
   2.2100000381469727        20.564798433425654     
   2.2200000286102295        20.577743914231554     
   2.2300000190734863        20.591630312165758     
   2.2400000095367432        20.606419421996257     
   2.2500000000000000        20.622071521763296     
   2.2599999904632568        20.638545511106386     
   2.2699999809265137        20.655799050132376     
   2.2799999713897705        20.673788698371148     
   2.2899999618530273        20.692470053378560     
   2.2999999523162842        20.711797888560962     
   2.3099999427795410        20.731726289811011     
   2.3199999332427979        20.752208790561170     
   2.3299999237060547        20.773198504878632     
   2.3399999141693115        20.794648258243637     
   2.3499999046325684        20.816510715672067     
   2.3599998950958252        20.838738506862693     
   2.3699998855590820        20.861284348069432     
   2.3799998760223389        20.884101160419391     
   2.3899998664855957        20.907142184418205     
   2.3999998569488525        20.930361090405061     
   2.4099998474121094        20.953712084740967     
   2.4199998378753662        20.977150011534899     
   2.4299998283386230        21.000630449733588     
   2.4400000572204590        21.024110364859649     
   2.4500000476837158        21.047545957093433     
   2.4600000381469727        21.070896103897020     
   2.4700000286102295        21.094120196836908     
   2.4800000190734863        21.117178773581703     
   2.4900000095367432        21.140033584673784     
   2.5000000000000000        21.162647655017871     
   2.5099999904632568        21.184985340071368     
   2.5199999809265137        21.207012376739161     
   2.5299999713897705        21.228695928992575     
   2.5399999618530273        21.250004628248650     
   2.5499999523162842        21.270908608561584     
   2.5599999427795410        21.291379536693128     
   2.5699999332427979        21.311390637142871     
   2.5799999237060547        21.330916712232682     
   2.5899999141693115        21.349934157352195     
   2.5999999046325684        21.368420971483815     
   2.6099998950958252        21.386356763136675     
   2.6199998855590820        21.403722751828891     
   2.6299998760223389        21.420501765266671     
   2.6399998664855957        21.436678232377087     
   2.6499998569488525        21.452238172358729     
   2.6599998474121094        21.467169179921122     
   2.6699998378753662        21.481460406889440     
   2.6799998283386230        21.495102540356051     
   2.6900000572204590        21.508088079272802     
   2.7000000476837158        21.520410083546967     
   2.7100000381469727        21.532064000738583     
   2.7200000286102295        21.543046378054701     
   2.7300000190734863        21.553355143525263     
   2.7400000095367432        21.562989567423056     
   2.7500000000000000        21.571950221573303     
   2.7599999904632568        21.580238936746373     
   2.7699999809265137        21.587858758325510     
   2.7799999713897705        21.594813900439423     
   2.7899999618530273        21.601109698746757     
   2.7999999523162842        21.606752562056389     
   2.8099999427795410        21.611749922963718     
   2.8199999332427979        21.616110187678988     
   2.8299999237060547        21.619842685219229     
   2.8399999141693115        21.622957616130243     
   2.8499999046325684        21.625466000900026     
   2.8599998950958252        21.627379628219270     
   2.8699998855590820        21.628711003238703     
   2.8799998760223389        21.629473295967014     
   2.8899998664855957        21.629680289946645     
   2.8999998569488525        21.629346331338255     
   2.9099998474121094        21.628486278538055     
   2.9199998378753662        21.627115452445278     
   2.9299998283386230        21.625249587490309     
   2.9399998188018799        21.622904783526948     
   2.9500000476837158        21.620097386371786     
   2.9600000381469727        21.616844220533018     
   2.9700000286102295        21.613162142056414     
   2.9800000190734863        21.609068251930573     
   2.9900000095367432        21.604579792124220     
   3.0000000000000000        21.599714104446701     
   3.0099999904632568        21.594488590802886     
   3.0199999809265137        21.588920674891071     
   3.0299999713897705        21.583027765386209     
   3.0399999618530273        21.576827220644454     
   3.0499999523162842        21.570336314958904     
   3.0599999427795410        21.563572206390553     
   3.0699999332427979        21.556551906192635     
   3.0799999237060547        21.549292249841205     
   3.0899999141693115        21.541809869679287     
   3.0999999046325684        21.534121169176998     
   3.1099998950958252        21.526242298805137     
   3.1199998855590820        21.518189133515126     
   3.1299998760223389        21.509977251813840     
   3.1399998664855957        21.501621916417665     
   3.1499998569488525        21.493138056466339     
   3.1599998474121094        21.484540251273419     
   3.1699998378753662        21.475842715586822     
   3.1799998283386230        21.467059286329849     
   3.1899998188018799        21.458203410790052     
   3.1999998092651367        21.449288136220769     
   3.2100000381469727        21.440325886686463     
   3.2200000286102295        21.431329311218427     
   3.2300000190734863        21.422309994952187     
   3.2400000095367432        21.413279307901792     
   3.2500000000000000        21.404248187856545     
   3.2599999904632568        21.395227137600287     
   3.2699999809265137        21.386226223242293     
   3.2799999713897705        21.377255073611479     
   3.2899999618530273        21.368322880665179     
   3.2999999523162842        21.359438400863052     
   3.3099999427795410        21.350609957456577     
   3.3199999332427979        21.341845443644267     
   3.3299999237060547        21.333152326542855     
   3.3399999141693115        21.324537651924903     
   3.3499999046325684        21.316008049673496     
   3.3599998950958252        21.307569739905272     
   3.3699998855590820        21.299228539713496     
   3.3799998760223389        21.290989870483696     
   3.3899998664855957        21.282858765735106     
   3.3999998569488525        21.274839879442169     
   3.4099998474121094        21.266937494791183     
   3.4199998378753662        21.259155533328549     
   3.4299998283386230        21.251497564457903     
   3.4399998188018799        21.243966815244967     
   3.4499998092651367        21.236566180490005     
   3.4600000381469727        21.229298061348135     
   3.4700000286102295        21.222165065789110     
   3.4800000190734863        21.215168979476715     
   3.4900000095367432        21.208311472896607     
   3.5000000000000000        21.201593937342629     
   3.5099999904632568        21.195017495833198     
   3.5199999809265137        21.188583014055094     
   3.5299999713897705        21.182291111306263     
   3.5399999618530273        21.176142171410891     
   3.5499999523162842        21.170136353581434     
   3.5599999427795410        21.164273603203853     
   3.5699999332427979        21.158553662523797     
   3.5799999237060547        21.152976081212969     
   3.5899999141693115        21.147540226796366     
   3.5999999046325684        21.142245294922525     
   3.6099998950958252        21.137090319460341     
   3.6199998855590820        21.132074182407365     
   3.6299998760223389        21.127195623595892     
   3.6399998664855957        21.122453250184414     
   3.6499998569488525        21.117845545923327     
   3.6599998474121094        21.113370880184974     
   3.6699998378753662        21.109027516749329     
   3.6799998283386230        21.104813622337812     
   3.6899998188018799        21.100727274888719     
   3.6999998092651367        21.096766471568930     
   3.7099997997283936        21.092929136517530     
   3.7200000286102295        21.089213041150270     
   3.7300000190734863        21.085616162841799     
   3.7400000095367432        21.082136160347449     
   3.7500000000000000        21.078770737668108     
   3.7599999904632568        21.075517560385741     
   3.7699999809265137        21.072374261757520     
   3.7799999713897705        21.069338448535810     
   3.7899999618530273        21.066407706515960     
   3.7999999523162842        21.063579605814652     
   3.8099999427795410        21.060851705882008     
   3.8199999332427979        21.058221560251116     
   3.8299999237060547        21.055686721029314     
   3.8399999141693115        21.053244743135696     
   3.8499999046325684        21.050893188290004     
   3.8599998950958252        21.048629628758171     
   3.8699998855590820        21.046451650860252     
   3.8799998760223389        21.044356858246680     
   3.8899998664855957        21.042342874949046     
   3.8999998569488525        21.040407348211840     
   3.9099998474121094        21.038547951111706     
   3.9199998378753662        21.036762384970984     
   3.9299998283386230        21.035048381572384     
   3.9399998188018799        21.033403705181737     
   3.9499998092651367        21.031826154385843     
   3.9599997997283936        21.030313563752511     
   3.9700000286102295        21.028863771487181     
   3.9800000190734863        21.027474757512621     
   3.9900000095367432        21.026144437322888     
   4.0000000000000000        21.024870802701802     
   4.0099997520446777        21.023651915718343     
   4.0199999809265137        21.022485767345987     
   4.0299997329711914        21.021370588314149     
   4.0399999618530273        21.020304435373010     
   4.0499997138977051        21.019285617493733     
   4.0599999427795410        21.018312289038480     
   4.0699996948242188        21.017382838968988     
   4.0799999237060547        21.016495519245499     
   4.0899996757507324        21.015648799736031     
   4.0999999046325684        21.014841029268414     
   4.1100001335144043        21.014070722934825     
   4.1199998855590820        21.013336432659592     
   4.1300001144409180        21.012636649864724     
   4.1399998664855957        21.011970046077380     
   4.1500000953674316        21.011335205226040     
   4.1599998474121094        21.010730877730040     
   4.1700000762939453        21.010155737485292     
   4.1799998283386230        21.009608612084833     
   4.1900000572204590        21.009088262511938     
   4.1999998092651367        21.008593591444928     
   4.2100000381469727        21.008123443800432     
   4.2199997901916504        21.007676794949731     
   4.2300000190734863        21.007252570375911     
   4.2399997711181641        21.006849815507284     
   4.2500000000000000        21.006467532868903     
   4.2599997520446777        21.006104835121288     
   4.2699999809265137        21.005760798198963     
   4.2799997329711914        21.005434599030227     
   4.2899999618530273        21.005125383262722     
   4.2999997138977051        21.004832389032547     
   4.3099999427795410        21.004554827979224     
   4.3199996948242188        21.004291996330206     
   4.3299999237060547        21.004043168004834     
   4.3399996757507324        21.003807694183298     
   4.3499999046325684        21.003584907391353     
   4.3600001335144043        21.003374200862485     
   4.3699998855590820        21.003174991424956     
   4.3800001144409180        21.002986692772598     
   4.3899998664855957        21.002808779849644     
   4.4000000953674316        21.002640716097350     
   4.4099998474121094        21.002482020647776     
   4.4200000762939453        21.002332203324364     
   4.4299998283386230        21.002190824521225     
   4.4400000572204590        21.002057437201504     
   4.4499998092651367        21.001931640190694     
   4.4600000381469727        21.001813026481653     
   4.4699997901916504        21.001701230606496     
   4.4800000190734863        21.001595882617536     
   4.4899997711181641        21.001496650142876     
   4.5000000000000000        21.001403197468690     
   4.5099997520446777        21.001315222828556     
   4.5199999809265137        21.001232422064476     
   4.5299997329711914        21.001154521649106     
   4.5399999618530273        21.001081246450990     
   4.5499997138977051        21.001012348941849     
   4.5599999427795410        21.000947580635810     
   4.5699996948242188        21.000886717890772     
   4.5799999237060547        21.000829536632185     
   4.5899996757507324        21.000775835117786     
   4.5999999046325684        21.000725411593979     
   4.6100001335144043        21.000678082171021     
   4.6199998855590820        21.000633672023753     
   4.6300001144409180        21.000592009266331     
   4.6399998664855957        21.000552939029095     
   4.6500000953674316        21.000516307124837     
   4.6599998474121094        21.000481974596170     
   4.6700000762939453        21.000449803334305     
   4.6799998283386230        21.000419668844714     
   4.6900000572204590        21.000391447599235     
   4.6999998092651367        21.000365028224902     
   4.7100000381469727        21.000340300392914     
   4.7199997901916504        21.000317164613747     
   4.7300000190734863        21.000295522487093     
   4.7399997711181641        21.000275285266724     
   4.7500000000000000        21.000256365314193     
   4.7599997520446777        21.000238683579123     
   4.7699999809265137        21.000222162116312     
   4.7799997329711914        21.000206730611104     
   4.7899999618530273        21.000192319834788     
   4.7999997138977051        21.000178867330305     
   4.8099999427795410        21.000166311694517     
   4.8199996948242188        21.000154597526514     
   4.8299999237060547        21.000143670437733     
   4.8399996757507324        21.000133481353508     
   4.8499999046325684        21.000123982163075     
   4.8599996566772461        21.000115129454578     
   4.8699998855590820        21.000106880726999     
   4.8800001144409180        21.000099197275997     
   4.8899998664855957        21.000092042666164     
   4.9000000953674316        21.000085381695985     
   4.9099998474121094        21.000079182601148     
   4.9200000762939453        21.000073414386460     
   4.9299998283386230        21.000068049083598     
   4.9400000572204590        21.000063059436371     
   4.9499998092651367        21.000058420850991     
   4.9600000381469727        21.000054109390000     
   4.9699997901916504        21.000050103455028     
   4.9800000190734863        21.000046382050066     
   4.9899997711181641        21.000042926231746     
   5.0000000000000000        21.000039717607386     
