  -5.0000000000000000        14.999998601388581     
  -4.9899997711181641        14.999998477401181     
  -4.9800000190734863        14.999998342817333     
  -4.9699997901916504        14.999998196753140     
  -4.9600000381469727        14.999998038283140     
  -4.9499998092651367        14.999997866379301     
  -4.9400000572204590        14.999997679966238     
  -4.9299998283386230        14.999997477849579     
  -4.9200000762939453        14.999997258781088     
  -4.9099998474121094        14.999997021374641     
  -4.9000000953674316        14.999996764182969     
  -4.8899998664855957        14.999996485599166     
  -4.8800001144409180        14.999996183947033     
  -4.8699998855590820        14.999995857365764     
  -4.8599996566772461        14.999995503898644     
  -4.8499999046325684        14.999995121445794     
  -4.8399996757507324        14.999994707693171     
  -4.8299999237060547        14.999994260232770     
  -4.8199996948242188        14.999993776392291     
  -4.8099999427795410        14.999993253393683     
  -4.7999997138977051        14.999992688154361     
  -4.7899999618530273        14.999992077472957     
  -4.7799997329711914        14.999991417797583     
  -4.7699999809265137        14.999990705443212     
  -4.7599997520446777        14.999989936321795     
  -4.7500000000000000        14.999989106196391     
  -4.7399997711181641        14.999988210367151     
  -4.7300000190734863        14.999987243968114     
  -4.7199997901916504        14.999986201602182     
  -4.7100000381469727        14.999985077687395     
  -4.6999998092651367        14.999983866033018     
  -4.6900000572204590        14.999982560243106     
  -4.6799998283386230        14.999981153224697     
  -4.6700000762939453        14.999979637657646     
  -4.6599998474121094        14.999978005424603     
  -4.6500000953674316        14.999976248157438     
  -4.6399998664855957        14.999974356577191     
  -4.6300001144409180        14.999972321128894     
  -4.6199998855590820        14.999970131218062     
  -4.6100001335144043        14.999967775947409     
  -4.5999999046325684        14.999965243234522     
  -4.5899996757507324        14.999962520531369     
  -4.5799999237060547        14.999959594478494     
  -4.5699996948242188        14.999956450393096     
  -4.5599999427795410        14.999953073216595     
  -4.5499997138977051        14.999949446253346     
  -4.5399999618530273        14.999945552400877     
  -4.5299997329711914        14.999941372697350     
  -4.5199999809265137        14.999936887742486     
  -4.5099997520446777        14.999932076026424     
  -4.5000000000000000        14.999926915569150     
  -4.4899997711181641        14.999921381999780     
  -4.4800000190734863        14.999915450446052     
  -4.4699997901916504        14.999909093328977     
  -4.4600000381469727        14.999902282538210     
  -4.4499998092651367        14.999894986902433     
  -4.4400000572204590        14.999887174691146     
  -4.4299998283386230        14.999878810716051     
  -4.4200000762939453        14.999869859205130     
  -4.4099998474121094        14.999860280484565     
  -4.4000000953674316        14.999850034276939     
  -4.3899998664855957        14.999839075906841     
  -4.3800001144409180        14.999827360081687     
  -4.3699998855590820        14.999814836557039     
  -4.3600001335144043        14.999801454465960     
  -4.3499999046325684        14.999787157372204     
  -4.3399996757507324        14.999771887469981     
  -4.3299999237060547        14.999755583705747     
  -4.3199996948242188        14.999738179056372     
  -4.3099999427795410        14.999719605915185     
  -4.2999997138977051        14.999699789240466     
  -4.2899999618530273        14.999678653451546     
  -4.2799997329711914        14.999656114637986     
  -4.2699999809265137        14.999632088417261     
  -4.2599997520446777        14.999606481085069     
  -4.2500000000000000        14.999579198558791     
  -4.2399997711181641        14.999550136335538     
  -4.2300000190734863        14.999519189660115     
  -4.2199997901916504        14.999486242142144     
  -4.2100000381469727        14.999451177303335     
  -4.1999998092651367        14.999413865688236     
  -4.1900000572204590        14.999374177963245     
  -4.1799998283386230        14.999331970337130     
  -4.1700000762939453        14.999287099403638     
  -4.1599998474121094        14.999239405667687     
  -4.1500000953674316        14.999188730344741     
  -4.1399998664855957        14.999134896766428     
  -4.1300001144409180        14.999077729373196     
  -4.1199998855590820        14.999017032748913     
  -4.1100001335144043        14.998952613068813     
  -4.0999999046325684        14.998884254486258     
  -4.0899996757507324        14.998811739765392     
  -4.0799999237060547        14.998734841516537     
  -4.0699996948242188        14.998653309848446     
  -4.0599999427795410        14.998566898125585     
  -4.0499997138977051        14.998475331329319     
  -4.0399999618530273        14.998378338587356     
  -4.0299997329711914        14.998275617675009     
  -4.0199999809265137        14.998166871560720     
  -4.0099997520446777        14.998051768620426     
  -4.0000000000000000        14.997929983647365     
  -3.9900000095367432        14.997801156469617     
  -3.9800000190734863        14.997664922124432     
  -3.9700000286102295        14.997520896162474     
  -3.9599997997283936        14.997368673145612     
  -3.9499998092651367        14.997207840751251     
  -3.9399998188018799        14.997037957395488     
  -3.9299998283386230        14.996858565916254     
  -3.9199998378753662        14.996669189406806     
  -3.9099998474121094        14.996469330570063     
  -3.8999998569488525        14.996258471064614     
  -3.8899998664855957        14.996036070843179     
  -3.8799998760223389        14.995801567484378     
  -3.8699998855590820        14.995554375518781     
  -3.8599998950958252        14.995293885750201     
  -3.8499999046325684        14.995019464573392     
  -3.8399999141693115        14.994730453289318     
  -3.8299999237060547        14.994426167419261     
  -3.8199999332427979        14.994105896019184     
  -3.8099999427795410        14.993768900995780     
  -3.7999999523162842        14.993414416425807     
  -3.7899999618530273        14.993041647880368     
  -3.7799999713897705        14.992649771755916     
  -3.7699999809265137        14.992237934613893     
  -3.7599999904632568        14.991805252530961     
  -3.7500000000000000        14.991350810461956     
  -3.7400000095367432        14.990873661617808     
  -3.7300000190734863        14.990372826860725     
  -3.7200000286102295        14.989847294119130     
  -3.7099997997283936        14.989296004366063     
  -3.6999998092651367        14.988717904264284     
  -3.6899998188018799        14.988111866834187     
  -3.6799998283386230        14.987476742905361     
  -3.6699998378753662        14.986811347839025     
  -3.6599998474121094        14.986114461119886     
  -3.6499998569488525        14.985384825988382     
  -3.6399998664855957        14.984621149116730     
  -3.6299998760223389        14.983822100332372     
  -3.6199998855590820        14.982986312392468     
  -3.6099998950958252        14.982112380813264     
  -3.5999999046325684        14.981198863758259     
  -3.5899999141693115        14.980244281989156     
  -3.5799999237060547        14.979247118883805     
  -3.5699999332427979        14.978205820525336     
  -3.5599999427795410        14.977118795866842     
  -3.5499999523162842        14.975984416976084     
  -3.5399999618530273        14.974801019364710     
  -3.5299999713897705        14.973566902406636     
  -3.5199999809265137        14.972280329850292     
  -3.5099999904632568        14.970939530429467     
  -3.5000000000000000        14.969542698577609     
  -3.4900000095367432        14.968087995250434     
  -3.4800000190734863        14.966573548861783     
  -3.4700000286102295        14.964997456337652     
  -3.4600000381469727        14.963357784293381     
  -3.4499998092651367        14.961652528886335     
  -3.4399998188018799        14.959879781430725     
  -3.4299998283386230        14.958037486112056     
  -3.4199998378753662        14.956123602711015     
  -3.4099998474121094        14.954136068604260     
  -3.3999998569488525        14.952072800784121     
  -3.3899998664855957        14.949931698035584     
  -3.3799998760223389        14.947710643275114     
  -3.3699998855590820        14.945407506055821     
  -3.3599998950958252        14.943020145243283     
  -3.3499999046325684        14.940546411866169     
  -3.3399999141693115        14.937984152145662     
  -3.3299999237060547        14.935331210707410     
  -3.3199999332427979        14.932585433979591     
  -3.3099999427795410        14.929744673780293     
  -3.2999999523162842        14.926806791097274     
  -3.2899999618530273        14.923769660062744     
  -3.2799999713897705        14.920631172125542     
  -3.2699999809265137        14.917389240422706     
  -3.2599999904632568        14.914041804352038     
  -3.2500000000000000        14.910586834346873     
  -3.2400000095367432        14.907022336853808     
  -3.2300000190734863        14.903346359513678     
  -3.2200000286102295        14.899556996545567     
  -3.2100000381469727        14.895652394333123     
  -3.1999998092651367        14.891630659919420     
  -3.1899998188018799        14.887490253311663     
  -3.1799998283386230        14.883229418425834     
  -3.1699998378753662        14.878846570157533     
  -3.1599998474121094        14.874340206467167     
  -3.1499998569488525        14.869708915131644     
  -3.1399998664855957        14.864951380676118     
  -3.1299998760223389        14.860066391479821     
  -3.1199998855590820        14.855052847049246     
  -3.1099998950958252        14.849909765451150     
  -3.0999999046325684        14.844636290897023     
  -3.0899999141693115        14.839231701469785     
  -3.0799999237060547        14.833695416982691     
  -3.0699999332427979        14.828027006959431     
  -3.0599999427795410        14.822226198723586     
  -3.0499999523162842        14.816292885584646     
  -3.0399999618530273        14.810227135106864     
  -3.0299999713897705        14.804029197446253     
  -3.0199999809265137        14.797699513740120     
  -3.0099999904632568        14.791238724532523     
  -3.0000000000000000        14.784647678218052     
  -2.9900000095367432        14.777927439485435     
  -2.9800000190734863        14.771079297741393     
  -2.9700000286102295        14.764104775494292     
  -2.9600000381469727        14.757005636676094     
  -2.9500000476837158        14.749783894880229     
  -2.9399998188018799        14.742441645028300     
  -2.9299998283386230        14.734981774447583     
  -2.9199998378753662        14.727406920328974     
  -2.9099998474121094        14.719720174778679     
  -2.8999998569488525        14.711924918643190     
  -2.8899998664855957        14.704024828720616     
  -2.8799998760223389        14.696023884705935     
  -2.8699998855590820        14.687926375840894     
  -2.8599998950958252        14.679736907238654     
  -2.8499999046325684        14.671460405852605     
  -2.8399999141693115        14.663102126058201     
  -2.8299999237060547        14.654667654816144     
  -2.8199999332427979        14.646162916384792     
  -2.8099999427795410        14.637594176549246     
  -2.7999999523162842        14.628968046334329     
  -2.7899999618530273        14.620291485168334     
  -2.7799999713897705        14.611571803464370     
  -2.7699999809265137        14.602816664585996     
  -2.7599999904632568        14.594034086163914     
  -2.7500000000000000        14.585232440730586     
  -2.7400000095367432        14.576420455639912     
  -2.7300000190734863        14.567607212239400     
  -2.7200000286102295        14.558802144262753     
  -2.7100000381469727        14.550015035411342     
  -2.7000000476837158        14.541256016093705     
  -2.6900000572204590        14.532535559293061     
  -2.6799998283386230        14.523864269475270     
  -2.6699998378753662        14.515253702438146     
  -2.6599998474121094        14.506715117584578     
  -2.6499998569488525        14.498260298443865     
  -2.6399998664855957        14.489901336398848     
  -2.6299998760223389        14.481650620752195     
  -2.6199998855590820        14.473520827744021     
  -2.6099998950958252        14.465524908502033     
  -2.5999999046325684        14.457676075907441     
  -2.5899999141693115        14.449987790362012     
  -2.5799999237060547        14.442473744444005     
  -2.5699999332427979        14.435147846443110     
  -2.5599999427795410        14.428024202767212     
  -2.5499999523162842        14.421117099216413     
  -2.5399999618530273        14.414440981122715     
  -2.5299999713897705        14.408010432356704     
  -2.5199999809265137        14.401840153205745     
  -2.5099999904632568        14.395944937131414     
  -2.5000000000000000        14.390339646417305     
  -2.4900000095367432        14.385039186721810     
  -2.4800000190734863        14.380058480554087     
  -2.4700000286102295        14.375412439695117     
  -2.4600000381469727        14.371115936589536     
  -2.4500000476837158        14.367183774737844     
  -2.4400000572204590        14.363630658122505     
  -2.4299998283386230        14.360471089184408     
  -2.4199998378753662        14.357719628416298     
  -2.4099998474121094        14.355390408646702     
  -2.3999998569488525        14.353497412119477     
  -2.3899998664855957        14.352054355656833     
  -2.3799998760223389        14.351074655221783     
  -2.3699998855590820        14.350571389864372     
  -2.3599998950958252        14.350557265118390     
  -2.3499999046325684        14.351044575919422     
  -2.3399999141693115        14.352045169119229     
  -2.3299999237060547        14.353570405675473     
  -2.3199999332427979        14.355631122599799     
  -2.3099999427795410        14.358237594751145     
  -2.2999999523162842        14.361399496564971     
  -2.2899999618530273        14.365125863812704     
  -2.2799999713897705        14.369425055489238     
  -2.2699999809265137        14.374304715929680     
  -2.2599999904632568        14.379771737259716     
  -2.2500000000000000        14.385832222286904     
  -2.2400000095367432        14.392491447943096     
  -2.2300000190734863        14.399753829390578     
  -2.2200000286102295        14.407622884906980     
  -2.2100000381469727        14.416101201665912     
  -2.2000000476837158        14.425190402532150     
  -2.1900000572204590        14.434891113991581     
  -2.1800000667572021        14.445202935337306     
  -2.1699998378753662        14.456124676872420     
  -2.1599998474121094        14.467653275858085     
  -2.1499998569488525        14.479785332625365     
  -2.1399998664855957        14.492516058938557     
  -2.1299998760223389        14.505839508428581     
  -2.1199998855590820        14.519748555886739     
  -2.1099998950958252        14.534234878667286     
  -2.0999999046325684        14.549288940316414     
  -2.0899999141693115        14.564899976542975     
  -2.0799999237060547        14.581055983643516     
  -2.0699999332427979        14.597743709491104     
  -2.0599999427795410        14.614948647193701     
  -2.0499999523162842        14.632655031523850     
  -2.0399999618530273        14.650845838216894     
  -2.0299999713897705        14.669502786229922     
  -2.0199999809265137        14.688606343048264     
  -2.0099999904632568        14.708135733120375     
  -2.0000000000000000        14.728068949495675     
  -1.9900000095367432        14.748382768733073     
  -1.9799998998641968        14.769053017568956     
  -1.9699999094009399        14.790053604611352     
  -1.9599999189376831        14.811358024285569     
  -1.9499999284744263        14.832938403627537     
  -1.9399999380111694        14.854765778626243     
  -1.9299999475479126        14.876810129744108     
  -1.9199999570846558        14.899040420956307     
  -1.9099999666213989        14.921424642307578     
  -1.8999999761581421        14.943929855974778     
  -1.8899999856948853        14.966522245812861     
  -1.8799999952316284        14.989167170351147     
  -1.8700000047683716        15.011829219195679     
  -1.8600000143051147        15.034472272782171     
  -1.8499999046325684        15.057059834194167     
  -1.8399999141693115        15.079554018944027     
  -1.8299999237060547        15.101917240568628     
  -1.8199999332427979        15.124111204772204     
  -1.8099999427795410        15.146097254362758     
  -1.7999999523162842        15.167836447294132     
  -1.7899999618530273        15.189289637344052     
  -1.7799999713897705        15.210417557279113     
  -1.7699999809265137        15.231180904346001     
  -1.7599999904632568        15.251540427916925     
  -1.7500000000000000        15.271457019106037     
  -1.7400000095367432        15.290891802162685     
  -1.7300000190734863        15.309806227436736     
  -1.7199999094009399        15.328162381042072     
  -1.7099999189376831        15.345922211618648     
  -1.6999999284744263        15.363048940278253     
  -1.6899999380111694        15.379506275146062     
  -1.6799999475479126        15.395258730994186     
  -1.6699999570846558        15.410271726794198     
  -1.6599999666213989        15.424511683145878     
  -1.6499999761581421        15.437946119308775     
  -1.6399999856948853        15.450543749557202     
  -1.6299999952316284        15.462274578574212     
  -1.6200000047683716        15.473109995595655     
  -1.6100000143051147        15.483022867011895     
  -1.5999999046325684        15.491987728252431     
  -1.5899999141693115        15.499980456210919     
  -1.5799999237060547        15.506978997080587     
  -1.5699999332427979        15.512963010699670     
  -1.5599999427795410        15.517914063559711     
  -1.5499999523162842        15.521815705922952     
  -1.5399999618530273        15.524653545325398     
  -1.5299999713897705        15.526415316177571     
  -1.5199999809265137        15.527090945179921     
  -1.5099999904632568        15.526672612275906     
  -1.5000000000000000        15.525154806872948     
  -1.4900000095367432        15.522534379069544     
  -1.4800000190734863        15.518810585636084     
  -1.4699999094009399        15.513985066430868     
  -1.4599999189376831        15.508062122430227     
  -1.4499999284744263        15.501048399344615     
  -1.4399999380111694        15.492953127311946     
  -1.4299999475479126        15.483788086291566     
  -1.4199999570846558        15.473567615911819     
  -1.4099999666213989        15.462308618648239     
  -1.3999999761581421        15.450030556190033     
  -1.3899999856948853        15.436755438870353     
  -1.3799999952316284        15.422507808054739     
  -1.3700000047683716        15.407314711401531     
  -1.3600000143051147        15.391205670928406     
  -1.3500000238418579        15.374212643840005     
  -1.3399999141693115        15.356369758471009     
  -1.3299999237060547        15.337714121613043     
  -1.3199999332427979        15.318284480708446     
  -1.3099999427795410        15.298121996879573     
  -1.2999999523162842        15.277269961950216     
  -1.2899999618530273        15.255773716134637     
  -1.2799999713897705        15.233680558801142     
  -1.2699999809265137        15.211039652448775     
  -1.2599999904632568        15.187901920059618     
  -1.2500000000000000        15.164319936012969     
  -1.2400000095367432        15.140347810771464     
  -1.2300000190734863        15.116041069572594     
  -1.2200000286102295        15.091456525382284     
  -1.2099999189376831        15.066651849621580     
  -1.1999999284744263        15.041686620016216     
  -1.1899999380111694        15.016620402896157     
  -1.1799999475479126        14.991513787169589     
  -1.1699999570846558        14.966427938717098     
  -1.1599999666213989        14.941424445543223     
  -1.1499999761581421        14.916565159590682     
  -1.1399999856948853        14.891912035637452     
  -1.1299999952316284        14.867526967713349     
  -1.1200000047683716        14.843471623488027     
  -1.1100000143051147        14.819807277096318     
  -1.1000000238418579        14.796594640879540     
  -1.0900000333786011        14.773893696532706     
  -1.0799999237060547        14.751763265978839     
  -1.0699999332427979        14.730261891387109     
  -1.0599999427795410        14.709446083655171     
  -1.0499999523162842        14.689371219123343     
  -1.0399999618530273        14.670091108060927     
  -1.0299999713897705        14.651657832981368     
  -1.0199999809265137        14.634121589980804     
  -1.0099999904632568        14.617530533623677     
  -1.0000000000000000        14.601930625895580     
 -0.98999994993209839        14.587365406089965     
 -0.97999995946884155        14.573876190555723     
 -0.96999996900558472        14.561501415651204     
 -0.95999997854232788        14.550276861756968     
 -0.94999998807907104        14.540235440174492     
 -0.93999999761581421        14.531407076977528     
 -0.93000000715255737        14.523818604319416     
 -0.91999995708465576        14.517493625730699     
 -0.90999996662139893        14.512452566871669     
 -0.89999997615814209        14.508712365304699     
 -0.88999998569488525        14.506286554167195     
 -0.87999999523162842        14.505185155246780     
 -0.87000000476837158        14.505414623228805     
 -0.85999995470046997        14.506977813205316     
 -0.84999996423721313        14.509873899882034     
 -0.83999997377395630        14.514098408379647     
 -0.82999998331069946        14.519643170456678     
 -0.81999999284744263        14.526496326189095     
 -0.81000000238418579        14.534642331240923     
 -0.79999995231628418        14.544062035058934     
 -0.78999996185302734        14.554732478044302     
 -0.77999997138977051        14.566627269121135     
 -0.76999998092651367        14.579716420188046     
 -0.75999999046325684        14.593966461121914     
 -0.75000000000000000        14.609340513371253     
 -0.74000000953674316        14.625798374386758     
 -0.72999995946884155        14.643296720036453     
 -0.71999996900558472        14.661788786743431     
 -0.70999997854232788        14.681225113524389     
 -0.69999998807907104        14.701553256501201     
 -0.68999999761581421        14.722718025628046     
 -0.68000000715255737        14.744661629508901     
 -0.66999995708465576        14.767323966268824     
 -0.65999996662139893        14.790642241216382     
 -0.64999997615814209        14.814551948304290     
 -0.63999998569488525        14.838986511753728     
 -0.62999999523162842        14.863877604267286     
 -0.62000000476837158        14.889155338856073     
 -0.61000001430511475        14.914748466722454     
 -0.59999996423721313        14.940584735192282     
 -0.58999997377395630        14.966590478438690     
 -0.57999998331069946        14.992691754587788     
 -0.56999999284744263        15.018813946757696     
 -0.56000000238418579        15.044882135421828     
 -0.55000001192092896        15.070821319692291     
 -0.53999996185302734        15.096556792816054     
 -0.52999997138977051        15.122013753470462     
 -0.51999998092651367        15.147118450693252     
 -0.50999999046325684        15.171797791914264     
 -0.50000000000000000        15.195979719108209     
 -0.48999997973442078        15.219593498341535     
 -0.47999998927116394        15.242569657319585     
 -0.46999999880790710        15.264840621906314     
 -0.45999997854232788        15.286340705387390     
 -0.44999998807907104        15.307006130706368     
 -0.43999999761581421        15.326775614698303     
 -0.42999997735023499        15.345590357171812     
 -0.41999998688697815        15.363394071170823     
 -0.40999999642372131        15.380133498651434     
 -0.39999997615814209        15.395758398900952     
 -0.38999998569488525        15.410221585311909     
 -0.37999999523162842        15.423479357940623     
 -0.37000000476837158        15.435491456911054     
 -0.35999998450279236        15.446221273553256     
 -0.34999999403953552        15.455635848380576     
 -0.34000000357627869        15.463706173949062     
 -0.32999998331069946        15.470407180128065     
 -0.31999999284744263        15.475717779412813     
 -0.31000000238418579        15.479621061715322     
 -0.29999998211860657        15.482104277839003     
 -0.28999999165534973        15.483158885498089     
 -0.28000000119209290        15.482780630031620     
 -0.26999998092651367        15.480969526017841     
 -0.25999999046325684        15.477729902304818     
 -0.25000000000000000        15.473070365788146     
 -0.23999999463558197        15.467003791350777     
 -0.22999998927116394        15.459547313946169     
 -0.21999999880790710        15.450722276646751     
 -0.20999999344348907        15.440554124368870     
 -0.19999998807907104        15.429072412155817     
 -0.18999999761581421        15.416310690881442     
 -0.17999999225139618        15.402306345022239     
 -0.17000000178813934        15.387100621543496     
 -0.15999999642372131        15.370738342288217     
 -0.14999999105930328        15.353267925387144     
 -0.14000000059604645        15.334741180644931     
 -0.12999999523162842        15.315213064326313     
 -0.11999999731779099        15.294741695120328     
 -0.10999999940395355        15.273388024404801     
  -9.9999994039535522E-002   15.251215705719959     
  -8.9999996125698090E-002   15.228290953888319     
  -7.9999998211860657E-002   15.204682244287437     
  -7.0000000298023224E-002   15.180460169345260     
  -5.9999998658895493E-002   15.155697197149262     
  -4.9999997019767761E-002   15.130467477099083     
  -3.9999999105930328E-002   15.104846594904707     
  -2.9999999329447746E-002   15.078911315970283     
  -1.9999999552965164E-002   15.052739392237923     
  -9.9999997764825821E-003   15.026409299372043     
   0.0000000000000000        15.000000000000000     
   9.9999997764825821E-003   14.973590700627957     
   1.9999999552965164E-002   14.947260607762077     
   2.9999999329447746E-002   14.921088684029717     
   3.9999999105930328E-002   14.895153405095293     
   4.9999997019767761E-002   14.869532522900917     
   5.9999998658895493E-002   14.844302802850738     
   7.0000000298023224E-002   14.819539830654740     
   7.9999998211860657E-002   14.795317755712563     
   8.9999996125698090E-002   14.771709046111681     
   9.9999994039535522E-002   14.748784294280041     
  0.10999999940395355        14.726611975595199     
  0.11999999731779099        14.705258304879672     
  0.12999999523162842        14.684786935673687     
  0.14000000059604645        14.665258819355069     
  0.14999999105930328        14.646732074612856     
  0.15999999642372131        14.629261657711783     
  0.17000000178813934        14.612899378456504     
  0.17999999225139618        14.597693654977761     
  0.18999999761581421        14.583689309118558     
  0.19999998807907104        14.570927587844183     
  0.20999999344348907        14.559445875631130     
  0.21999999880790710        14.549277723353249     
  0.22999998927116394        14.540452686053831     
  0.23999999463558197        14.532996208649223     
  0.25000000000000000        14.526929634211854     
  0.25999999046325684        14.522270097695182     
  0.26999998092651367        14.519030473982159     
  0.28000000119209290        14.517219369968380     
  0.28999999165534973        14.516841114501911     
  0.29999998211860657        14.517895722160997     
  0.31000000238418579        14.520378938284678     
  0.31999999284744263        14.524282220587187     
  0.32999998331069946        14.529592819871935     
  0.34000000357627869        14.536293826050938     
  0.34999999403953552        14.544364151619424     
  0.35999998450279236        14.553778726446744     
  0.37000000476837158        14.564508543088946     
  0.37999999523162842        14.576520642059377     
  0.38999998569488525        14.589778414688091     
  0.39999997615814209        14.604241601099048     
  0.40999999642372131        14.619866501348566     
  0.41999998688697815        14.636605928829177     
  0.42999997735023499        14.654409642828188     
  0.43999999761581421        14.673224385301697     
  0.44999998807907104        14.692993869293632     
  0.45999997854232788        14.713659294612610     
  0.46999999880790710        14.735159378093686     
  0.47999998927116394        14.757430342680415     
  0.48999997973442078        14.780406501658465     
  0.50000000000000000        14.804020280891791     
  0.50999999046325684        14.828202208085736     
  0.51999998092651367        14.852881549306748     
  0.52999997138977051        14.877986246529538     
  0.53999996185302734        14.903443207183946     
  0.55000001192092896        14.929178680307709     
  0.56000000238418579        14.955117864578172     
  0.56999999284744263        14.981186053242304     
  0.57999998331069946        15.007308245412212     
  0.58999997377395630        15.033409521561310     
  0.59999996423721313        15.059415264807718     
  0.61000001430511475        15.085251533277546     
  0.62000000476837158        15.110844661143927     
  0.62999999523162842        15.136122395732714     
  0.63999998569488525        15.161013488246272     
  0.64999997615814209        15.185448051695710     
  0.65999996662139893        15.209357758783618     
  0.66999995708465576        15.232676033731176     
  0.68000000715255737        15.255338370491099     
  0.68999999761581421        15.277281974371954     
  0.69999998807907104        15.298446743498799     
  0.70999997854232788        15.318774886475611     
  0.71999996900558472        15.338211213256569     
  0.72999995946884155        15.356703279963547     
  0.74000000953674316        15.374201625613242     
  0.75000000000000000        15.390659486628747     
  0.75999999046325684        15.406033538878086     
  0.76999998092651367        15.420283579811954     
  0.77999997138977051        15.433372730878865     
  0.78999996185302734        15.445267521955698     
  0.79999995231628418        15.455937964941066     
  0.81000000238418579        15.465357668759077     
  0.81999999284744263        15.473503673810905     
  0.82999998331069946        15.480356829543322     
  0.83999997377395630        15.485901591620353     
  0.84999996423721313        15.490126100117966     
  0.85999995470046997        15.493022186794684     
  0.87000000476837158        15.494585376771195     
  0.87999999523162842        15.494814844753220     
  0.88999998569488525        15.493713445832805     
  0.89999997615814209        15.491287634695301     
  0.90999996662139893        15.487547433128331     
  0.91999995708465576        15.482506374269301     
  0.93000000715255737        15.476181395680584     
  0.93999999761581421        15.468592923022472     
  0.94999998807907104        15.459764559825508     
  0.95999997854232788        15.449723138243032     
  0.96999996900558472        15.438498584348796     
  0.97999995946884155        15.426123809444277     
  0.98999994993209839        15.412634593910035     
   1.0000000000000000        15.398069374104420     
   1.0099999904632568        15.382469466376323     
   1.0199999809265137        15.365878410019196     
   1.0299999713897705        15.348342167018632     
   1.0399999618530273        15.329908891939073     
   1.0499999523162842        15.310628780876657     
   1.0599999427795410        15.290553916344829     
   1.0699999332427979        15.269738108612891     
   1.0799999237060547        15.248236734021161     
   1.0900000333786011        15.226106303467294     
   1.1000000238418579        15.203405359120460     
   1.1100000143051147        15.180192722903682     
   1.1200000047683716        15.156528376511973     
   1.1299999952316284        15.132473032286651     
   1.1399999856948853        15.108087964362548     
   1.1499999761581421        15.083434840409318     
   1.1599999666213989        15.058575554456777     
   1.1699999570846558        15.033572061282902     
   1.1799999475479126        15.008486212830411     
   1.1899999380111694        14.983379597103843     
   1.1999999284744263        14.958313379983784     
   1.2099999189376831        14.933348150378420     
   1.2200000286102295        14.908543474617716     
   1.2300000190734863        14.883958930427406     
   1.2400000095367432        14.859652189228536     
   1.2500000000000000        14.835680063987031     
   1.2599999904632568        14.812098079940382     
   1.2699999809265137        14.788960347551225     
   1.2799999713897705        14.766319441198858     
   1.2899999618530273        14.744226283865363     
   1.2999999523162842        14.722730038049784     
   1.3099999427795410        14.701878003120427     
   1.3199999332427979        14.681715519291554     
   1.3299999237060547        14.662285878386957     
   1.3399999141693115        14.643630241528991     
   1.3500000238418579        14.625787356159995     
   1.3600000143051147        14.608794329071594     
   1.3700000047683716        14.592685288598469     
   1.3799999952316284        14.577492191945261     
   1.3899999856948853        14.563244561129647     
   1.3999999761581421        14.549969443809967     
   1.4099999666213989        14.537691381351761     
   1.4199999570846558        14.526432384088181     
   1.4299999475479126        14.516211913708434     
   1.4399999380111694        14.507046872688054     
   1.4499999284744263        14.498951600655385     
   1.4599999189376831        14.491937877569773     
   1.4699999094009399        14.486014933569132     
   1.4800000190734863        14.481189414363916     
   1.4900000095367432        14.477465620930456     
   1.5000000000000000        14.474845193127052     
   1.5099999904632568        14.473327387724094     
   1.5199999809265137        14.472909054820079     
   1.5299999713897705        14.473584683822429     
   1.5399999618530273        14.475346454674602     
   1.5499999523162842        14.478184294077048     
   1.5599999427795410        14.482085936440289     
   1.5699999332427979        14.487036989300330     
   1.5799999237060547        14.493021002919413     
   1.5899999141693115        14.500019543789081     
   1.5999999046325684        14.508012271747569     
   1.6100000143051147        14.516977132988105     
   1.6200000047683716        14.526890004404345     
   1.6299999952316284        14.537725421425788     
   1.6399999856948853        14.549456250442798     
   1.6499999761581421        14.562053880691225     
   1.6599999666213989        14.575488316854122     
   1.6699999570846558        14.589728273205802     
   1.6799999475479126        14.604741269005814     
   1.6899999380111694        14.620493724853938     
   1.6999999284744263        14.636951059721747     
   1.7099999189376831        14.654077788381352     
   1.7199999094009399        14.671837618957928     
   1.7300000190734863        14.690193772563264     
   1.7400000095367432        14.709108197837315     
   1.7500000000000000        14.728542980893963     
   1.7599999904632568        14.748459572083075     
   1.7699999809265137        14.768819095653999     
   1.7799999713897705        14.789582442720887     
   1.7899999618530273        14.810710362655948     
   1.7999999523162842        14.832163552705868     
   1.8099999427795410        14.853902745637242     
   1.8199999332427979        14.875888795227796     
   1.8299999237060547        14.898082759431372     
   1.8399999141693115        14.920445981055973     
   1.8499999046325684        14.942940165805833     
   1.8600000143051147        14.965527727217829     
   1.8700000047683716        14.988170780804321     
   1.8799999952316284        15.010832829648853     
   1.8899999856948853        15.033477754187139     
   1.8999999761581421        15.056070144025222     
   1.9099999666213989        15.078575357692422     
   1.9199999570846558        15.100959579043693     
   1.9299999475479126        15.123189870255892     
   1.9399999380111694        15.145234221373757     
   1.9499999284744263        15.167061596372463     
   1.9599999189376831        15.188641975714431     
   1.9699999094009399        15.209946395388648     
   1.9799998998641968        15.230946982431044     
   1.9900000095367432        15.251617231266927     
   2.0000000000000000        15.271931050504325     
   2.0099999904632568        15.291864266879625     
   2.0199999809265137        15.311393656951736     
   2.0299999713897705        15.330497213770078     
   2.0399999618530273        15.349154161783106     
   2.0499999523162842        15.367344968476150     
   2.0599999427795410        15.385051352806299     
   2.0699999332427979        15.402256290508896     
   2.0799999237060547        15.418944016356484     
   2.0899999141693115        15.435100023457025     
   2.0999999046325684        15.450711059683586     
   2.1099998950958252        15.465765121332714     
   2.1199998855590820        15.480251444113261     
   2.1299998760223389        15.494160491571419     
   2.1399998664855957        15.507483941061443     
   2.1499998569488525        15.520214667374635     
   2.1599998474121094        15.532346724141915     
   2.1699998378753662        15.543875323127580     
   2.1800000667572021        15.554797064662694     
   2.1900000572204590        15.565108886008419     
   2.2000000476837158        15.574809597467850     
   2.2100000381469727        15.583898798334088     
   2.2200000286102295        15.592377115093020     
   2.2300000190734863        15.600246170609422     
   2.2400000095367432        15.607508552056904     
   2.2500000000000000        15.614167777713096     
   2.2599999904632568        15.620228262740284     
   2.2699999809265137        15.625695284070320     
   2.2799999713897705        15.630574944510762     
   2.2899999618530273        15.634874136187296     
   2.2999999523162842        15.638600503435029     
   2.3099999427795410        15.641762405248855     
   2.3199999332427979        15.644368877400201     
   2.3299999237060547        15.646429594324527     
   2.3399999141693115        15.647954830880771     
   2.3499999046325684        15.648955424080578     
   2.3599998950958252        15.649442734881610     
   2.3699998855590820        15.649428610135628     
   2.3799998760223389        15.648925344778217     
   2.3899998664855957        15.647945644343167     
   2.3999998569488525        15.646502587880523     
   2.4099998474121094        15.644609591353298     
   2.4199998378753662        15.642280371583702     
   2.4299998283386230        15.639528910815592     
   2.4400000572204590        15.636369341877495     
   2.4500000476837158        15.632816225262156     
   2.4600000381469727        15.628884063410464     
   2.4700000286102295        15.624587560304883     
   2.4800000190734863        15.619941519445913     
   2.4900000095367432        15.614960813278190     
   2.5000000000000000        15.609660353582695     
   2.5099999904632568        15.604055062868586     
   2.5199999809265137        15.598159846794255     
   2.5299999713897705        15.591989567643296     
   2.5399999618530273        15.585559018877285     
   2.5499999523162842        15.578882900783587     
   2.5599999427795410        15.571975797232788     
   2.5699999332427979        15.564852153556890     
   2.5799999237060547        15.557526255555995     
   2.5899999141693115        15.550012209637988     
   2.5999999046325684        15.542323924092559     
   2.6099998950958252        15.534475091497967     
   2.6199998855590820        15.526479172255979     
   2.6299998760223389        15.518349379247805     
   2.6399998664855957        15.510098663601152     
   2.6499998569488525        15.501739701556135     
   2.6599998474121094        15.493284882415422     
   2.6699998378753662        15.484746297561854     
   2.6799998283386230        15.476135730524730     
   2.6900000572204590        15.467464440706939     
   2.7000000476837158        15.458743983906295     
   2.7100000381469727        15.449984964588658     
   2.7200000286102295        15.441197855737247     
   2.7300000190734863        15.432392787760600     
   2.7400000095367432        15.423579544360088     
   2.7500000000000000        15.414767559269414     
   2.7599999904632568        15.405965913836086     
   2.7699999809265137        15.397183335414004     
   2.7799999713897705        15.388428196535630     
   2.7899999618530273        15.379708514831666     
   2.7999999523162842        15.371031953665671     
   2.8099999427795410        15.362405823450754     
   2.8199999332427979        15.353837083615208     
   2.8299999237060547        15.345332345183856     
   2.8399999141693115        15.336897873941799     
   2.8499999046325684        15.328539594147395     
   2.8599998950958252        15.320263092761346     
   2.8699998855590820        15.312073624159106     
   2.8799998760223389        15.303976115294065     
   2.8899998664855957        15.295975171279384     
   2.8999998569488525        15.288075081356810     
   2.9099998474121094        15.280279825221321     
   2.9199998378753662        15.272593079671026     
   2.9299998283386230        15.265018225552417     
   2.9399998188018799        15.257558354971700     
   2.9500000476837158        15.250216105119771     
   2.9600000381469727        15.242994363323906     
   2.9700000286102295        15.235895224505708     
   2.9800000190734863        15.228920702258607     
   2.9900000095367432        15.222072560514565     
   3.0000000000000000        15.215352321781948     
   3.0099999904632568        15.208761275467477     
   3.0199999809265137        15.202300486259880     
   3.0299999713897705        15.195970802553747     
   3.0399999618530273        15.189772864893136     
   3.0499999523162842        15.183707114415354     
   3.0599999427795410        15.177773801276414     
   3.0699999332427979        15.171972993040569     
   3.0799999237060547        15.166304583017309     
   3.0899999141693115        15.160768298530215     
   3.0999999046325684        15.155363709102977     
   3.1099998950958252        15.150090234548850     
   3.1199998855590820        15.144947152950754     
   3.1299998760223389        15.139933608520179     
   3.1399998664855957        15.135048619323882     
   3.1499998569488525        15.130291084868356     
   3.1599998474121094        15.125659793532833     
   3.1699998378753662        15.121153429842467     
   3.1799998283386230        15.116770581574166     
   3.1899998188018799        15.112509746688337     
   3.1999998092651367        15.108369340080580     
   3.2100000381469727        15.104347605666877     
   3.2200000286102295        15.100443003454433     
   3.2300000190734863        15.096653640486322     
   3.2400000095367432        15.092977663146192     
   3.2500000000000000        15.089413165653127     
   3.2599999904632568        15.085958195647962     
   3.2699999809265137        15.082610759577294     
   3.2799999713897705        15.079368827874458     
   3.2899999618530273        15.076230339937256     
   3.2999999523162842        15.073193208902726     
   3.3099999427795410        15.070255326219707     
   3.3199999332427979        15.067414566020409     
   3.3299999237060547        15.064668789292590     
   3.3399999141693115        15.062015847854338     
   3.3499999046325684        15.059453588133831     
   3.3599998950958252        15.056979854756717     
   3.3699998855590820        15.054592493944179     
   3.3799998760223389        15.052289356724886     
   3.3899998664855957        15.050068301964416     
   3.3999998569488525        15.047927199215879     
   3.4099998474121094        15.045863931395740     
   3.4199998378753662        15.043876397288985     
   3.4299998283386230        15.041962513887944     
   3.4399998188018799        15.040120218569275     
   3.4499998092651367        15.038347471113665     
   3.4600000381469727        15.036642215706619     
   3.4700000286102295        15.035002543662348     
   3.4800000190734863        15.033426451138217     
   3.4900000095367432        15.031912004749566     
   3.5000000000000000        15.030457301422391     
   3.5099999904632568        15.029060469570533     
   3.5199999809265137        15.027719670149708     
   3.5299999713897705        15.026433097593364     
   3.5399999618530273        15.025198980635290     
   3.5499999523162842        15.024015583023916     
   3.5599999427795410        15.022881204133158     
   3.5699999332427979        15.021794179474664     
   3.5799999237060547        15.020752881116195     
   3.5899999141693115        15.019755718010844     
   3.5999999046325684        15.018801136241741     
   3.6099998950958252        15.017887619186736     
   3.6199998855590820        15.017013687607532     
   3.6299998760223389        15.016177899667628     
   3.6399998664855957        15.015378850883270     
   3.6499998569488525        15.014615174011618     
   3.6599998474121094        15.013885538880114     
   3.6699998378753662        15.013188652160975     
   3.6799998283386230        15.012523257094639     
   3.6899998188018799        15.011888133165813     
   3.6999998092651367        15.011282095735716     
   3.7099997997283936        15.010703995633937     
   3.7200000286102295        15.010152705880870     
   3.7300000190734863        15.009627173139275     
   3.7400000095367432        15.009126338382192     
   3.7500000000000000        15.008649189538044     
   3.7599999904632568        15.008194747469039     
   3.7699999809265137        15.007762065386107     
   3.7799999713897705        15.007350228244084     
   3.7899999618530273        15.006958352119632     
   3.7999999523162842        15.006585583574193     
   3.8099999427795410        15.006231099004220     
   3.8199999332427979        15.005894103980816     
   3.8299999237060547        15.005573832580739     
   3.8399999141693115        15.005269546710682     
   3.8499999046325684        15.004980535426608     
   3.8599998950958252        15.004706114249799     
   3.8699998855590820        15.004445624481219     
   3.8799998760223389        15.004198432515622     
   3.8899998664855957        15.003963929156821     
   3.8999998569488525        15.003741528935386     
   3.9099998474121094        15.003530669429937     
   3.9199998378753662        15.003330810593194     
   3.9299998283386230        15.003141434083746     
   3.9399998188018799        15.002962042604512     
   3.9499998092651367        15.002792159248749     
   3.9599997997283936        15.002631326854388     
   3.9700000286102295        15.002479103837526     
   3.9800000190734863        15.002335077875568     
   3.9900000095367432        15.002198843530383     
   4.0000000000000000        15.002070016352635     
   4.0099997520446777        15.001948231379574     
   4.0199999809265137        15.001833128439280     
   4.0299997329711914        15.001724382324991     
   4.0399999618530273        15.001621661412644     
   4.0499997138977051        15.001524668670681     
   4.0599999427795410        15.001433101874415     
   4.0699996948242188        15.001346690151554     
   4.0799999237060547        15.001265158483463     
   4.0899996757507324        15.001188260234608     
   4.0999999046325684        15.001115745513742     
   4.1100001335144043        15.001047386931187     
   4.1199998855590820        15.000982967251087     
   4.1300001144409180        15.000922270626804     
   4.1399998664855957        15.000865103233572     
   4.1500000953674316        15.000811269655259     
   4.1599998474121094        15.000760594332313     
   4.1700000762939453        15.000712900596362     
   4.1799998283386230        15.000668029662870     
   4.1900000572204590        15.000625822036755     
   4.1999998092651367        15.000586134311764     
   4.2100000381469727        15.000548822696665     
   4.2199997901916504        15.000513757857856     
   4.2300000190734863        15.000480810339885     
   4.2399997711181641        15.000449863664462     
   4.2500000000000000        15.000420801441209     
   4.2599997520446777        15.000393518914931     
   4.2699999809265137        15.000367911582739     
   4.2799997329711914        15.000343885362014     
   4.2899999618530273        15.000321346548454     
   4.2999997138977051        15.000300210759534     
   4.3099999427795410        15.000280394084815     
   4.3199996948242188        15.000261820943628     
   4.3299999237060547        15.000244416294253     
   4.3399996757507324        15.000228112530019     
   4.3499999046325684        15.000212842627796     
   4.3600001335144043        15.000198545534040     
   4.3699998855590820        15.000185163442961     
   4.3800001144409180        15.000172639918313     
   4.3899998664855957        15.000160924093159     
   4.4000000953674316        15.000149965723061     
   4.4099998474121094        15.000139719515435     
   4.4200000762939453        15.000130140794870     
   4.4299998283386230        15.000121189283949     
   4.4400000572204590        15.000112825308854     
   4.4499998092651367        15.000105013097567     
   4.4600000381469727        15.000097717461790     
   4.4699997901916504        15.000090906671023     
   4.4800000190734863        15.000084549553948     
   4.4899997711181641        15.000078618000220     
   4.5000000000000000        15.000073084430850     
   4.5099997520446777        15.000067923973576     
   4.5199999809265137        15.000063112257514     
   4.5299997329711914        15.000058627302650     
   4.5399999618530273        15.000054447599123     
   4.5499997138977051        15.000050553746654     
   4.5599999427795410        15.000046926783405     
   4.5699996948242188        15.000043549606904     
   4.5799999237060547        15.000040405521506     
   4.5899996757507324        15.000037479468631     
   4.5999999046325684        15.000034756765478     
   4.6100001335144043        15.000032224052591     
   4.6199998855590820        15.000029868781938     
   4.6300001144409180        15.000027678871106     
   4.6399998664855957        15.000025643422809     
   4.6500000953674316        15.000023751842562     
   4.6599998474121094        15.000021994575397     
   4.6700000762939453        15.000020362342354     
   4.6799998283386230        15.000018846775303     
   4.6900000572204590        15.000017439756894     
   4.6999998092651367        15.000016133966982     
   4.7100000381469727        15.000014922312605     
   4.7199997901916504        15.000013798397818     
   4.7300000190734863        15.000012756031886     
   4.7399997711181641        15.000011789632849     
   4.7500000000000000        15.000010893803609     
   4.7599997520446777        15.000010063678205     
   4.7699999809265137        15.000009294556788     
   4.7799997329711914        15.000008582202417     
   4.7899999618530273        15.000007922527043     
   4.7999997138977051        15.000007311845639     
   4.8099999427795410        15.000006746606317     
   4.8199996948242188        15.000006223607709     
   4.8299999237060547        15.000005739767230     
   4.8399996757507324        15.000005292306829     
   4.8499999046325684        15.000004878554206     
   4.8599996566772461        15.000004496101356     
   4.8699998855590820        15.000004142634236     
   4.8800001144409180        15.000003816052967     
   4.8899998664855957        15.000003514400834     
   4.9000000953674316        15.000003235817031     
   4.9099998474121094        15.000002978625359     
   4.9200000762939453        15.000002741218912     
   4.9299998283386230        15.000002522150421     
   4.9400000572204590        15.000002320033762     
   4.9499998092651367        15.000002133620699     
   4.9600000381469727        15.000001961716860     
   4.9699997901916504        15.000001803246860     
   4.9800000190734863        15.000001657182667     
   4.9899997711181641        15.000001522598819     
   5.0000000000000000        15.000001398611419     
