  -5.0000000000000000        2.9999999998759468     
  -4.9899997711181641        2.9999999998631877     
  -4.9800000190734863        2.9999999998491473     
  -4.9699997901916504        2.9999999998336997     
  -4.9600000381469727        2.9999999998167084     
  -4.9499998092651367        2.9999999997980211     
  -4.9400000572204590        2.9999999997774753     
  -4.9299998283386230        2.9999999997548885     
  -4.9200000762939453        2.9999999997300653     
  -4.9099998474121094        2.9999999997027871     
  -4.9000000953674316        2.9999999996728213     
  -4.8899998664855957        2.9999999996399054     
  -4.8800001144409180        2.9999999996037614     
  -4.8699998855590820        2.9999999995640763     
  -4.8599996566772461        2.9999999995205142     
  -4.8499999046325684        2.9999999994727093     
  -4.8399996757507324        2.9999999994202540     
  -4.8299999237060547        2.9999999993627133     
  -4.8199996948242188        2.9999999992996016     
  -4.8099999427795410        2.9999999992304005     
  -4.7999997138977051        2.9999999991545314     
  -4.7899999618530273        2.9999999990713766     
  -4.7799997329711914        2.9999999989802468     
  -4.7699999809265137        2.9999999988804085     
  -4.7599997520446777        2.9999999987710413     
  -4.7500000000000000        2.9999999986512718     
  -4.7399997711181641        2.9999999985201264     
  -4.7300000190734863        2.9999999983765679     
  -4.7199997901916504        2.9999999982194399     
  -4.7100000381469727        2.9999999980475112     
  -4.6999998092651367        2.9999999978594096     
  -4.6900000572204590        2.9999999976536769     
  -4.6799998283386230        2.9999999974286862     
  -4.6700000762939453        2.9999999971827092     
  -4.6599998474121094        2.9999999969138198     
  -4.6500000953674316        2.9999999966199731     
  -4.6399998664855957        2.9999999962988895     
  -4.6300001144409180        2.9999999959481514     
  -4.6199998855590820        2.9999999955650645     
  -4.6100001335144043        2.9999999951467724     
  -4.5999999046325684        2.9999999946900919     
  -4.5899996757507324        2.9999999941916280     
  -4.5799999237060547        2.9999999936476995     
  -4.5699996948242188        2.9999999930542267     
  -4.5599999427795410        2.9999999924068956     
  -4.5499997138977051        2.9999999917008995     
  -4.5399999618530273        2.9999999909311570     
  -4.5299997329711914        2.9999999900920082     
  -4.5199999809265137        2.9999999891774758     
  -4.5099997520446777        2.9999999881809019     
  -4.5000000000000000        2.9999999870952592     
  -4.4899997711181641        2.9999999859127229     
  -4.4800000190734863        2.9999999846250396     
  -4.4699997901916504        2.9999999832230220     
  -4.4600000381469727        2.9999999816969853     
  -4.4499998092651367        2.9999999800361508     
  -4.4400000572204590        2.9999999782291646     
  -4.4299998283386230        2.9999999762633935     
  -4.4200000762939453        2.9999999741255396     
  -4.4099998474121094        2.9999999718008072     
  -4.4000000953674316        2.9999999692736350     
  -4.3899998664855957        2.9999999665267127     
  -4.3800001144409180        2.9999999635418471     
  -4.3699998855590820        2.9999999602988030     
  -4.3600001335144043        2.9999999567763291     
  -4.3499999046325684        2.9999999529507928     
  -4.3399996757507324        2.9999999487971882     
  -4.3299999237060547        2.9999999442885583     
  -4.3199996948242188        2.9999999393951255     
  -4.3099999427795410        2.9999999340856784     
  -4.2999997138977051        2.9999999283255185     
  -4.2899999618530273        2.9999999220783051     
  -4.2799997329711914        2.9999999153036430     
  -4.2699999809265137        2.9999999079592565     
  -4.2599997520446777        2.9999998999981612     
  -4.2500000000000000        2.9999998913712242     
  -4.2399997711181641        2.9999998820238467     
  -4.2300000190734863        2.9999998718989769     
  -4.2199997901916504        2.9999998609332259     
  -4.2100000381469727        2.9999998490604094     
  -4.1999998092651367        2.9999998362069991     
  -4.1900000572204590        2.9999998222962878     
  -4.1799998283386230        2.9999998072430634     
  -4.1700000762939453        2.9999997909585043     
  -4.1599998474121094        2.9999997733439510     
  -4.1500000953674316        2.9999997542966477     
  -4.1399998664855957        2.9999997337024693     
  -4.1300001144409180        2.9999997114426513     
  -4.1199998855590820        2.9999996873853014     
  -4.1100001335144043        2.9999996613932782     
  -4.0999999046325684        2.9999996333142951     
  -4.0899996757507324        2.9999996029886375     
  -4.0799999237060547        2.9999995702451412     
  -4.0699996948242188        2.9999995348951951     
  -4.0599999427795410        2.9999994967430963     
  -4.0499997138977051        2.9999994555715732     
  -4.0399999618530273        2.9999994111553780     
  -4.0299997329711914        2.9999993632444562     
  -4.0199999809265137        2.9999993115797983     
  -4.0099997520446777        2.9999992558738877     
  -4.0000000000000000        2.9999991958291718     
  -3.9900000095367432        2.9999991311169678     
  -3.9800000190734863        2.9999990613909637     
  -3.9700000286102295        2.9999989862787619     
  -3.9599997997283936        2.9999989053795959     
  -3.9499998092651367        2.9999988182704134     
  -3.9399998188018799        2.9999987244924413     
  -3.9299998283386230        2.9999986235567584     
  -3.9199998378753662        2.9999985149403159     
  -3.9099998474121094        2.9999983980836880     
  -3.8999998569488525        2.9999982723886851     
  -3.8899998664855957        2.9999981372158167     
  -3.8799998760223389        2.9999979918816022     
  -3.8699998855590820        2.9999978356557202     
  -3.8599998950958252        2.9999976677579796     
  -3.8499999046325684        2.9999974873551154     
  -3.8399999141693115        2.9999972935573895     
  -3.8299999237060547        2.9999970854149871     
  -3.8199999332427979        2.9999968619142052     
  -3.8099999427795410        2.9999966219734113     
  -3.7999999523162842        2.9999963644387675     
  -3.7899999618530273        2.9999960880797047     
  -3.7799999713897705        2.9999957915841353     
  -3.7699999809265137        2.9999954735533869     
  -3.7599999904632568        2.9999951324968475     
  -3.7500000000000000        2.9999947668263038     
  -3.7400000095367432        2.9999943748499573     
  -3.7300000190734863        2.9999939547661039     
  -3.7200000286102295        2.9999935046564552     
  -3.7099997997283936        2.9999930224671951     
  -3.6999998092651367        2.9999925060482724     
  -3.6899998188018799        2.9999919530766528     
  -3.6799998283386230        2.9999913610931892     
  -3.6699998378753662        2.9999907274827828     
  -3.6599998474121094        2.9999900494651652     
  -3.6499998569488525        2.9999893240851891     
  -3.6399998664855957        2.9999885482025950     
  -3.6299998760223389        2.9999877184812287     
  -3.6199998855590820        2.9999868313776901     
  -3.6099998950958252        2.9999858831293800     
  -3.5999999046325684        2.9999848697419234     
  -3.5899999141693115        2.9999837869759300     
  -3.5799999237060547        2.9999826303330765     
  -3.5699999332427979        2.9999813950414658     
  -3.5599999427795410        2.9999800760402402     
  -3.5499999523162842        2.9999786679634117     
  -3.5399999618530273        2.9999771651228717     
  -3.5299999713897705        2.9999755614905541     
  -3.5199999809265137        2.9999738506797011     
  -3.5099999904632568        2.9999720259252065     
  -3.5000000000000000        2.9999700800629903     
  -3.4900000095367432        2.9999680055083613     
  -3.4800000190734863        2.9999657942333338     
  -3.4700000286102295        2.9999634377428483     
  -3.4600000381469727        2.9999609270498548     
  -3.4499998092651367        2.9999582525834163     
  -3.4399998188018799        2.9999554044202812     
  -3.4299998283386230        2.9999523718740497     
  -3.4199998378753662        2.9999491437161065     
  -3.4099998474121094        2.9999457080825196     
  -3.3999998569488525        2.9999420524412761     
  -3.3899998664855957        2.9999381635580309     
  -3.3799998760223389        2.9999340274603048     
  -3.3699998855590820        2.9999296294000879     
  -3.3599998950958252        2.9999249538147734     
  -3.3499999046325684        2.9999199842863793     
  -3.3399999141693115        2.9999147034989804     
  -3.3299999237060547        2.9999090931943049     
  -3.3199999332427979        2.9999031341254150     
  -3.3099999427795410        2.9998968060084210     
  -3.2999999523162842        2.9998900874721541     
  -3.2899999618530273        2.9998829560057318     
  -3.2799999713897705        2.9998753879039528     
  -3.2699999809265137        2.9998673582104427     
  -3.2599999904632568        2.9998588406584896     
  -3.2500000000000000        2.9998498076094906     
  -3.2400000095367432        2.9998402299889397     
  -3.2300000190734863        2.9998300772198845     
  -3.2200000286102295        2.9998193171537757     
  -3.2100000381469727        2.9998079159986388     
  -3.1999998092651367        2.9997958379481688     
  -3.1899998188018799        2.9997830462720922     
  -3.1799998283386230        2.9997695015094346     
  -3.1699998378753662        2.9997551625198926     
  -3.1599998474121094        2.9997399861177176     
  -3.1499998569488525        2.9997239269822034     
  -3.1399998664855957        2.9997069375649614     
  -3.1299998760223389        2.9996889679939094     
  -3.1199998855590820        2.9996699659738901     
  -3.1099998950958252        2.9996498766838524     
  -3.0999999046325684        2.9996286426705163     
  -3.0899999141693115        2.9996062037384528     
  -3.0799999237060547        2.9995824968365024     
  -3.0699999332427979        2.9995574559404661     
  -3.0599999427795410        2.9995310119319942     
  -3.0499999523162842        2.9995030924736152     
  -3.0399999618530273        2.9994736218798308     
  -3.0299999713897705        2.9994425209842182     
  -3.0199999809265137        2.9994097070024841     
  -3.0099999904632568        2.9993750933914072     
  -3.0000000000000000        2.9993385897036173     
  -2.9900000095367432        2.9993001014381648     
  -2.9800000190734863        2.9992595298868299     
  -2.9700000286102295        2.9992167719761307     
  -2.9600000381469727        2.9991717201049948     
  -2.9500000476837158        2.9991242619780585     
  -2.9399998188018799        2.9990742792118712     
  -2.9299998283386230        2.9990216519855895     
  -2.9199998378753662        2.9989662517154612     
  -2.9099998474121094        2.9989079455735599     
  -2.8999998569488525        2.9988465951378367     
  -2.8899998664855957        2.9987820561988250     
  -2.8799998760223389        2.9987141785619094     
  -2.8699998855590820        2.9986428058451851     
  -2.8599998950958252        2.9985677752729294     
  -2.8499999046325684        2.9984889174647260     
  -2.8399999141693115        2.9984060562202886     
  -2.8299999237060547        2.9983190083000393     
  -2.8199999332427979        2.9982275832015053     
  -2.8099999427795410        2.9981315829316215     
  -2.7999999523162842        2.9980308017750121     
  -2.7899999618530273        2.9979250260583670     
  -2.7799999713897705        2.9978140339110158     
  -2.7699999809265137        2.9976975950218292     
  -2.7599999904632568        2.9975754703925834     
  -2.7500000000000000        2.9974474120879466     
  -2.7400000095367432        2.9973131629822434     
  -2.7300000190734863        2.9971724565031921     
  -2.7200000286102295        2.9970250163727985     
  -2.7100000381469727        2.9968705563456308     
  -2.7000000476837158        2.9967087799446950     
  -2.6900000572204590        2.9965393801951619     
  -2.6799998283386230        2.9963620350308138     
  -2.6699998378753662        2.9961764241246858     
  -2.6599998474121094        2.9959822032609038     
  -2.6499998569488525        2.9957790207768875     
  -2.6399998664855957        2.9955665131584457     
  -2.6299998760223389        2.9953443047667694     
  -2.6199998855590820        2.9951120075655018     
  -2.6099998950958252        2.9948692208482881     
  -2.5999999046325684        2.9946155309672178     
  -2.5899999141693115        2.9943505110626027     
  -2.5799999237060547        2.9940737207945456     
  -2.5699999332427979        2.9937847060767822     
  -2.5599999427795410        2.9934829988133047     
  -2.5499999523162842        2.9931681166382869     
  -2.5399999618530273        2.9928395626598583     
  -2.5299999713897705        2.9924968252083071     
  -2.5199999809265137        2.9921393775892930     
  -2.5099999904632568        2.9917666778426941     
  -2.5000000000000000        2.9913781685077283     
  -2.4900000095367432        2.9909732763950014     
  -2.4800000190734863        2.9905514123661794     
  -2.4700000286102295        2.9901119711219835     
  -2.4600000381469727        2.9896543309992416     
  -2.4500000476837158        2.9891778537777474     
  -2.4400000572204590        2.9886818844977050     
  -2.4299998283386230        2.9881657387371447     
  -2.4199998378753662        2.9876287521530505     
  -2.4099998474121094        2.9870702065265005     
  -2.3999998569488525        2.9864893783533564     
  -2.3899998664855957        2.9858855266644815     
  -2.3799998760223389        2.9852578929241536     
  -2.3699998855590820        2.9846057009450688     
  -2.3599998950958252        2.9839281568208804     
  -2.3499999046325684        2.9832244488772197     
  -2.3399999141693115        2.9824937476421680     
  -2.3299999237060547        2.9817352058371718     
  -2.3199999332427979        2.9809479583893892     
  -2.3099999427795410        2.9801311224664859     
  -2.2999999523162842        2.9792837975349036     
  -2.2899999618530273        2.9784050654426295     
  -2.2799999713897705        2.9774939905275191     
  -2.2699999809265137        2.9765496197522072     
  -2.2599999904632568        2.9755709828666816     
  -2.2500000000000000        2.9745570925995626     
  -2.2400000095367432        2.9735069448791625     
  -2.2300000190734863        2.9724195190853813     
  -2.2200000286102295        2.9712937783335058     
  -2.2100000381469727        2.9701286697909666     
  -2.2000000476837158        2.9689231250281054     
  -2.1900000572204590        2.9676760604040076     
  -2.1800000667572021        2.9663863774884187     
  -2.1699998378753662        2.9650529311994354     
  -2.1599998474121094        2.9636746585030438     
  -2.1499998569488525        2.9622503882430493     
  -2.1399998664855957        2.9607789678081349     
  -2.1299998760223389        2.9592592324839249     
  -2.1199998855590820        2.9576900061123625     
  -2.1099998950958252        2.9560701017939395     
  -2.0999999046325684        2.9543983226336539     
  -2.0899999141693115        2.9526734625315241     
  -2.0799999237060547        2.9508943070184510     
  -2.0699999332427979        2.9490596341381865     
  -2.0599999427795410        2.9471682153761232     
  -2.0499999523162842        2.9452188166355606     
  -2.0399999618530273        2.9432101992620785     
  -2.0299999713897705        2.9411411211165688     
  -2.0199999809265137        2.9390103376974444     
  -2.0099999904632568        2.9368166033124665     
  -2.0000000000000000        2.9345586723005841     
  -1.9900000095367432        2.9322353003040993     
  -1.9799998998641968        2.9298452166973332     
  -1.9699999094009399        2.9273872407194581     
  -1.9599999189376831        2.9248601119707986     
  -1.9499999284744263        2.9222626050427580     
  -1.9399999380111694        2.9195935029521523     
  -1.9299999475479126        2.9168515987180244     
  -1.9199999570846558        2.9140356969889254     
  -1.9099999666213989        2.9111446157203424     
  -1.8999999761581421        2.9081771879018574     
  -1.8899999856948853        2.9051322633335284     
  -1.8799999952316284        2.9020087104508727     
  -1.8700000047683716        2.8988054181977407     
  -1.8600000143051147        2.8955212979462597     
  -1.8499999046325684        2.8921552448446031     
  -1.8399999141693115        2.8887063013067178     
  -1.8299999237060547        2.8851734183297770     
  -1.8199999332427979        2.8815556171052483     
  -1.8099999427795410        2.8778519515221284     
  -1.7999999523162842        2.8740615103457965     
  -1.7899999618530273        2.8701834194350129     
  -1.7799999713897705        2.8662168439953191     
  -1.7699999809265137        2.8621609908669683     
  -1.7599999904632568        2.8580151108453773     
  -1.7500000000000000        2.8537785010319885     
  -1.7400000095367432        2.8494505072132807     
  -1.7300000190734863        2.8450305262655560     
  -1.7199999094009399        2.8405179542359549     
  -1.7099999189376831        2.8359124050675950     
  -1.6999999284744263        2.8312133903142307     
  -1.6899999380111694        2.8264205356852212     
  -1.6799999475479126        2.8215335302982210     
  -1.6699999570846558        2.8165521291815772     
  -1.6599999666213989        2.8114761557823207     
  -1.6499999761581421        2.8063055044763678     
  -1.6399999856948853        2.8010401430774379     
  -1.6299999952316284        2.7956801153410713     
  -1.6200000047683716        2.7902255434600187     
  -1.6100000143051147        2.7846766305471649     
  -1.5999999046325684        2.7790335952733369     
  -1.5899999141693115        2.7732969445139384     
  -1.5799999237060547        2.7674670721468346     
  -1.5699999332427979        2.7615445294061227     
  -1.5599999427795410        2.7555299605319670     
  -1.5499999523162842        2.7494241050923303     
  -1.5399999618530273        2.7432278002625772     
  -1.5299999713897705        2.7369419830583643     
  -1.5199999809265137        2.7305676925171669     
  -1.5099999904632568        2.7241060718237300     
  -1.5000000000000000        2.7175583703746788     
  -1.4900000095367432        2.7109259457774635     
  -1.4800000190734863        2.7042102657787788     
  -1.4699999094009399        2.6974128286064838     
  -1.4599999189376831        2.6905354898437031     
  -1.4499999284744263        2.6835799779006786     
  -1.4399999380111694        2.6765482187844309     
  -1.4299999475479126        2.6694422570534235     
  -1.4199999570846558        2.6622642572194160     
  -1.4099999666213989        2.6550165050442609     
  -1.3999999761581421        2.6477014087267525     
  -1.3899999856948853        2.6403214999746609     
  -1.3799999952316284        2.6328794349571374     
  -1.3700000047683716        2.6253779951327263     
  -1.3600000143051147        2.6178200879482914     
  -1.3500000238418579        2.6102087474042395     
  -1.3399999141693115        2.6025470428611710     
  -1.3299999237060547        2.5948384452655797     
  -1.3199999332427979        2.5870862792265927     
  -1.3099999427795410        2.5792940877820834     
  -1.2999999523162842        2.5714655411891694     
  -1.2899999618530273        2.5636044365959152     
  -1.2799999713897705        2.5557146975500720     
  -1.2699999809265137        2.5478003733412384     
  -1.2599999904632568        2.5398656381730120     
  -1.2500000000000000        2.5319147901618670     
  -1.2400000095367432        2.5239522501597191     
  -1.2300000190734863        2.5159825603973149     
  -1.2200000286102295        2.5080103829458245     
  -1.2099999189376831        2.5000404030187102     
  -1.1999999284744263        2.4920777070801527     
  -1.1899999380111694        2.4841272106090710     
  -1.1799999475479126        2.4761940359405101     
  -1.1699999570846558        2.4682834147552901     
  -1.1599999666213989        2.4604006854090037     
  -1.1499999761581421        2.4525512900677242     
  -1.1399999856948853        2.4447407716498937     
  -1.1299999952316284        2.4369747705741429     
  -1.1200000047683716        2.4292590213131238     
  -1.1100000143051147        2.4215993487537317     
  -1.1000000238418579        2.4140016643644291     
  -1.0900000333786011        2.4064719621707100     
  -1.0799999237060547        2.3990162261274985     
  -1.0699999332427979        2.3916407803586073     
  -1.0599999427795410        2.3843517511862991     
  -1.0499999523162842        2.3771554188374142     
  -1.0399999618530273        2.3700581231550482     
  -1.0299999713897705        2.3630662584636140     
  -1.0199999809265137        2.3561862682588890     
  -1.0099999904632568        2.3494246397268492     
  -1.0000000000000000        2.3427878980954766     
 -0.98999994993209839        2.3362825624542305     
 -0.97999995946884155        2.3299152941073924     
 -0.96999996900558472        2.3236926577466983     
 -0.95999997854232788        2.3176212711114998     
 -0.94999998807907104        2.3117077594075144     
 -0.93999999761581421        2.3059587487638962     
 -0.93000000715255737        2.3003808595623578     
 -0.91999995708465576        2.2949806680006009     
 -0.90999996662139893        2.2897648268838058     
 -0.89999997615814209        2.2847398654291196     
 -0.88999998569488525        2.2799123120110503     
 -0.87999999523162842        2.2752886542380080     
 -0.87000000476837158        2.2708753316711578     
 -0.85999995470046997        2.2666787041154253     
 -0.84999996423721313        2.2627051429714098     
 -0.83999997377395630        2.2589608736250932     
 -0.82999998331069946        2.2554520693227582     
 -0.81999999284744263        2.2521848179544257     
 -0.81000000238418579        2.2491651144785658     
 -0.79999995231628418        2.2463988376111024     
 -0.78999996185302734        2.2438918066793807     
 -0.77999997138977051        2.2416496750543420     
 -0.76999998092651367        2.2396779900854789     
 -0.75999999046325684        2.2379821683108303     
 -0.75000000000000000        2.2365674879559383     
 -0.74000000953674316        2.2354390814836291     
 -0.72999995946884155        2.2346019240937478     
 -0.71999996900558472        2.2340608446359491     
 -0.70999997854232788        2.2338204883979289     
 -0.69999998807907104        2.2338853317015004     
 -0.68999999761581421        2.2342596690143486     
 -0.68000000715255737        2.2349476060437410     
 -0.66999995708465576        2.2359530599076116     
 -0.65999996662139893        2.2372797266396374     
 -0.64999997615814209        2.2389311106335894     
 -0.63999998569488525        2.2409104962751538     
 -0.62999999523162842        2.2432209468450237     
 -0.62000000476837158        2.2458652985657608     
 -0.61000001430511475        2.2488461548461389     
 -0.59999996423721313        2.2521659015349833     
 -0.58999997377395630        2.2558266204249398     
 -0.57999998331069946        2.2598302028560413     
 -0.56999999284744263        2.2641782677411992     
 -0.56000000238418579        2.2688721757280943     
 -0.55000001192092896        2.2739130248439166     
 -0.53999996185302734        2.2793016795634751     
 -0.52999997138977051        2.2850386364483226     
 -0.51999998092651367        2.2911242133256904     
 -0.50999999046325684        2.2975584196553474     
 -0.50000000000000000        2.3043409846750369     
 -0.48999997973442078        2.3114713765392780     
 -0.47999998927116394        2.3189487139663640     
 -0.46999999880790710        2.3267718917490279     
 -0.45999997854232788        2.3349395199733158     
 -0.44999998807907104        2.3434498450219539     
 -0.43999999761581421        2.3523008946319193     
 -0.42999997735023499        2.3614904087820752     
 -0.41999998688697815        2.3710157526534261     
 -0.40999999642372131        2.3808740810000582     
 -0.39999997615814209        2.3910622608439431     
 -0.38999998569488525        2.4015767766665528     
 -0.37999999523162842        2.4124139137048775     
 -0.37000000476837158        2.4235696389307018     
 -0.35999998450279236        2.4350396673898027     
 -0.34999999403953552        2.4468193267072680     
 -0.34000000357627869        2.4589037647442806     
 -0.32999998331069946        2.4712878540288972     
 -0.31999999284744263        2.4839660801979542     
 -0.31000000238418579        2.4969327670702453     
 -0.29999998211860657        2.5101819737478723     
 -0.28999999165534973        2.5237073765958806     
 -0.28000000119209290        2.5375025108323666     
 -0.26999998092651367        2.5515606606763117     
 -0.25999999046325684        2.5658747353649312     
 -0.25000000000000000        2.5804375262163077     
 -0.23999999463558197        2.5952415680147531     
 -0.22999998927116394        2.6102791207883276     
 -0.21999999880790710        2.6255422188051831     
 -0.20999999344348907        2.6410227472736301     
 -0.19999998807907104        2.6567123130576111     
 -0.18999999761581421        2.6726023189879400     
 -0.17999999225139618        2.6886840440539777     
 -0.17000000178813934        2.7049484849705863     
 -0.15999999642372131        2.7213865561021477     
 -0.14999999105930328        2.7379889290177823     
 -0.14000000059604645        2.7547461128532582     
 -0.12999999523162842        2.7716485393005663     
 -0.11999999731779099        2.7886864092109809     
 -0.10999999940395355        2.8058498396943330     
  -9.9999994039535522E-002   2.8231288239024406     
  -8.9999996125698090E-002   2.8405132017300865     
  -7.9999998211860657E-002   2.8579927469718180     
  -7.0000000298023224E-002   2.8755571259518993     
  -5.9999998658895493E-002   2.8931959271196082     
  -4.9999997019767761E-002   2.9108986516397994     
  -3.9999999105930328E-002   2.9286547368218621     
  -2.9999999329447746E-002   2.9464535832421519     
  -1.9999999552965164E-002   2.9642845355603686     
  -9.9999997764825821E-003   2.9821369096570796     
   0.0000000000000000        3.0000000000000000     
   9.9999997764825821E-003   3.0178630903429204     
   1.9999999552965164E-002   3.0357154644396314     
   2.9999999329447746E-002   3.0535464167578481     
   3.9999999105930328E-002   3.0713452631781379     
   4.9999997019767761E-002   3.0891013483602006     
   5.9999998658895493E-002   3.1068040728803918     
   7.0000000298023224E-002   3.1244428740481007     
   7.9999998211860657E-002   3.1420072530281820     
   8.9999996125698090E-002   3.1594867982699135     
   9.9999994039535522E-002   3.1768711760975594     
  0.10999999940395355        3.1941501603056670     
  0.11999999731779099        3.2113135907890191     
  0.12999999523162842        3.2283514606994337     
  0.14000000059604645        3.2452538871467418     
  0.14999999105930328        3.2620110709822177     
  0.15999999642372131        3.2786134438978523     
  0.17000000178813934        3.2950515150294137     
  0.17999999225139618        3.3113159559460223     
  0.18999999761581421        3.3273976810120600     
  0.19999998807907104        3.3432876869423889     
  0.20999999344348907        3.3589772527263699     
  0.21999999880790710        3.3744577811948169     
  0.22999998927116394        3.3897208792116724     
  0.23999999463558197        3.4047584319852469     
  0.25000000000000000        3.4195624737836923     
  0.25999999046325684        3.4341252646350688     
  0.26999998092651367        3.4484393393236883     
  0.28000000119209290        3.4624974891676334     
  0.28999999165534973        3.4762926234041194     
  0.29999998211860657        3.4898180262521277     
  0.31000000238418579        3.5030672329297547     
  0.31999999284744263        3.5160339198020458     
  0.32999998331069946        3.5287121459711028     
  0.34000000357627869        3.5410962352557194     
  0.34999999403953552        3.5531806732927320     
  0.35999998450279236        3.5649603326101973     
  0.37000000476837158        3.5764303610692982     
  0.37999999523162842        3.5875860862951225     
  0.38999998569488525        3.5984232233334472     
  0.39999997615814209        3.6089377391560569     
  0.40999999642372131        3.6191259189999418     
  0.41999998688697815        3.6289842473465739     
  0.42999997735023499        3.6385095912179248     
  0.43999999761581421        3.6476991053680807     
  0.44999998807907104        3.6565501549780461     
  0.45999997854232788        3.6650604800266842     
  0.46999999880790710        3.6732281082509721     
  0.47999998927116394        3.6810512860336360     
  0.48999997973442078        3.6885286234607220     
  0.50000000000000000        3.6956590153249631     
  0.50999999046325684        3.7024415803446526     
  0.51999998092651367        3.7088757866743096     
  0.52999997138977051        3.7149613635516774     
  0.53999996185302734        3.7206983204365249     
  0.55000001192092896        3.7260869751560834     
  0.56000000238418579        3.7311278242719057     
  0.56999999284744263        3.7358217322588008     
  0.57999998331069946        3.7401697971439587     
  0.58999997377395630        3.7441733795750602     
  0.59999996423721313        3.7478340984650167     
  0.61000001430511475        3.7511538451538611     
  0.62000000476837158        3.7541347014342392     
  0.62999999523162842        3.7567790531549763     
  0.63999998569488525        3.7590895037248462     
  0.64999997615814209        3.7610688893664106     
  0.65999996662139893        3.7627202733603626     
  0.66999995708465576        3.7640469400923884     
  0.68000000715255737        3.7650523939562590     
  0.68999999761581421        3.7657403309856514     
  0.69999998807907104        3.7661146682984996     
  0.70999997854232788        3.7661795116020711     
  0.71999996900558472        3.7659391553640509     
  0.72999995946884155        3.7653980759062522     
  0.74000000953674316        3.7645609185163709     
  0.75000000000000000        3.7634325120440617     
  0.75999999046325684        3.7620178316891697     
  0.76999998092651367        3.7603220099145211     
  0.77999997138977051        3.7583503249456580     
  0.78999996185302734        3.7561081933206193     
  0.79999995231628418        3.7536011623888976     
  0.81000000238418579        3.7508348855214342     
  0.81999999284744263        3.7478151820455743     
  0.82999998331069946        3.7445479306772418     
  0.83999997377395630        3.7410391263749068     
  0.84999996423721313        3.7372948570285902     
  0.85999995470046997        3.7333212958845747     
  0.87000000476837158        3.7291246683288422     
  0.87999999523162842        3.7247113457619920     
  0.88999998569488525        3.7200876879889497     
  0.89999997615814209        3.7152601345708804     
  0.90999996662139893        3.7102351731161942     
  0.91999995708465576        3.7050193319993991     
  0.93000000715255737        3.6996191404376422     
  0.93999999761581421        3.6940412512361038     
  0.94999998807907104        3.6882922405924856     
  0.95999997854232788        3.6823787288885002     
  0.96999996900558472        3.6763073422533017     
  0.97999995946884155        3.6700847058926076     
  0.98999994993209839        3.6637174375457695     
   1.0000000000000000        3.6572121019045234     
   1.0099999904632568        3.6505753602731508     
   1.0199999809265137        3.6438137317411110     
   1.0299999713897705        3.6369337415363860     
   1.0399999618530273        3.6299418768449518     
   1.0499999523162842        3.6228445811625858     
   1.0599999427795410        3.6156482488137009     
   1.0699999332427979        3.6083592196413927     
   1.0799999237060547        3.6009837738725015     
   1.0900000333786011        3.5935280378292900     
   1.1000000238418579        3.5859983356355709     
   1.1100000143051147        3.5784006512462683     
   1.1200000047683716        3.5707409786868762     
   1.1299999952316284        3.5630252294258571     
   1.1399999856948853        3.5552592283501063     
   1.1499999761581421        3.5474487099322758     
   1.1599999666213989        3.5395993145909963     
   1.1699999570846558        3.5317165852447099     
   1.1799999475479126        3.5238059640594899     
   1.1899999380111694        3.5158727893909290     
   1.1999999284744263        3.5079222929198473     
   1.2099999189376831        3.4999595969812898     
   1.2200000286102295        3.4919896170541755     
   1.2300000190734863        3.4840174396026851     
   1.2400000095367432        3.4760477498402809     
   1.2500000000000000        3.4680852098381330     
   1.2599999904632568        3.4601343618269880     
   1.2699999809265137        3.4521996266587616     
   1.2799999713897705        3.4442853024499280     
   1.2899999618530273        3.4363955634040848     
   1.2999999523162842        3.4285344588108306     
   1.3099999427795410        3.4207059122179166     
   1.3199999332427979        3.4129137207734073     
   1.3299999237060547        3.4051615547344203     
   1.3399999141693115        3.3974529571388290     
   1.3500000238418579        3.3897912525957605     
   1.3600000143051147        3.3821799120517086     
   1.3700000047683716        3.3746220048672737     
   1.3799999952316284        3.3671205650428626     
   1.3899999856948853        3.3596785000253391     
   1.3999999761581421        3.3522985912732475     
   1.4099999666213989        3.3449834949557391     
   1.4199999570846558        3.3377357427805840     
   1.4299999475479126        3.3305577429465765     
   1.4399999380111694        3.3234517812155691     
   1.4499999284744263        3.3164200220993214     
   1.4599999189376831        3.3094645101562969     
   1.4699999094009399        3.3025871713935162     
   1.4800000190734863        3.2957897342212212     
   1.4900000095367432        3.2890740542225365     
   1.5000000000000000        3.2824416296253212     
   1.5099999904632568        3.2758939281762700     
   1.5199999809265137        3.2694323074828331     
   1.5299999713897705        3.2630580169416357     
   1.5399999618530273        3.2567721997374228     
   1.5499999523162842        3.2505758949076697     
   1.5599999427795410        3.2444700394680330     
   1.5699999332427979        3.2384554705938773     
   1.5799999237060547        3.2325329278531654     
   1.5899999141693115        3.2267030554860616     
   1.5999999046325684        3.2209664047266631     
   1.6100000143051147        3.2153233694528351     
   1.6200000047683716        3.2097744565399813     
   1.6299999952316284        3.2043198846589287     
   1.6399999856948853        3.1989598569225621     
   1.6499999761581421        3.1936944955236322     
   1.6599999666213989        3.1885238442176793     
   1.6699999570846558        3.1834478708184228     
   1.6799999475479126        3.1784664697017790     
   1.6899999380111694        3.1735794643147788     
   1.6999999284744263        3.1687866096857693     
   1.7099999189376831        3.1640875949324050     
   1.7199999094009399        3.1594820457640451     
   1.7300000190734863        3.1549694737344440     
   1.7400000095367432        3.1505494927867193     
   1.7500000000000000        3.1462214989680115     
   1.7599999904632568        3.1419848891546227     
   1.7699999809265137        3.1378390091330317     
   1.7799999713897705        3.1337831560046809     
   1.7899999618530273        3.1298165805649871     
   1.7999999523162842        3.1259384896542035     
   1.8099999427795410        3.1221480484778716     
   1.8199999332427979        3.1184443828947517     
   1.8299999237060547        3.1148265816702230     
   1.8399999141693115        3.1112936986932822     
   1.8499999046325684        3.1078447551553969     
   1.8600000143051147        3.1044787020537403     
   1.8700000047683716        3.1011945818022593     
   1.8799999952316284        3.0979912895491273     
   1.8899999856948853        3.0948677366664716     
   1.8999999761581421        3.0918228120981426     
   1.9099999666213989        3.0888553842796576     
   1.9199999570846558        3.0859643030110746     
   1.9299999475479126        3.0831484012819756     
   1.9399999380111694        3.0804064970478477     
   1.9499999284744263        3.0777373949572420     
   1.9599999189376831        3.0751398880292014     
   1.9699999094009399        3.0726127592805419     
   1.9799998998641968        3.0701547833026668     
   1.9900000095367432        3.0677646996959007     
   2.0000000000000000        3.0654413276994159     
   2.0099999904632568        3.0631833966875335     
   2.0199999809265137        3.0609896623025556     
   2.0299999713897705        3.0588588788834312     
   2.0399999618530273        3.0567898007379215     
   2.0499999523162842        3.0547811833644394     
   2.0599999427795410        3.0528317846238768     
   2.0699999332427979        3.0509403658618135     
   2.0799999237060547        3.0491056929815490     
   2.0899999141693115        3.0473265374684759     
   2.0999999046325684        3.0456016773663461     
   2.1099998950958252        3.0439298982060605     
   2.1199998855590820        3.0423099938876375     
   2.1299998760223389        3.0407407675160751     
   2.1399998664855957        3.0392210321918651     
   2.1499998569488525        3.0377496117569507     
   2.1599998474121094        3.0363253414969562     
   2.1699998378753662        3.0349470688005646     
   2.1800000667572021        3.0336136225115813     
   2.1900000572204590        3.0323239395959924     
   2.2000000476837158        3.0310768749718946     
   2.2100000381469727        3.0298713302090334     
   2.2200000286102295        3.0287062216664942     
   2.2300000190734863        3.0275804809146187     
   2.2400000095367432        3.0264930551208375     
   2.2500000000000000        3.0254429074004374     
   2.2599999904632568        3.0244290171333184     
   2.2699999809265137        3.0234503802477928     
   2.2799999713897705        3.0225060094724809     
   2.2899999618530273        3.0215949345573705     
   2.2999999523162842        3.0207162024650964     
   2.3099999427795410        3.0198688775335141     
   2.3199999332427979        3.0190520416106108     
   2.3299999237060547        3.0182647941628282     
   2.3399999141693115        3.0175062523578320     
   2.3499999046325684        3.0167755511227803     
   2.3599998950958252        3.0160718431791196     
   2.3699998855590820        3.0153942990549312     
   2.3799998760223389        3.0147421070758464     
   2.3899998664855957        3.0141144733355185     
   2.3999998569488525        3.0135106216466436     
   2.4099998474121094        3.0129297934734995     
   2.4199998378753662        3.0123712478469495     
   2.4299998283386230        3.0118342612628553     
   2.4400000572204590        3.0113181155022950     
   2.4500000476837158        3.0108221462222526     
   2.4600000381469727        3.0103456690007584     
   2.4700000286102295        3.0098880288780165     
   2.4800000190734863        3.0094485876338206     
   2.4900000095367432        3.0090267236049986     
   2.5000000000000000        3.0086218314922717     
   2.5099999904632568        3.0082333221573059     
   2.5199999809265137        3.0078606224107070     
   2.5299999713897705        3.0075031747916929     
   2.5399999618530273        3.0071604373401417     
   2.5499999523162842        3.0068318833617131     
   2.5599999427795410        3.0065170011866953     
   2.5699999332427979        3.0062152939232178     
   2.5799999237060547        3.0059262792054544     
   2.5899999141693115        3.0056494889373973     
   2.5999999046325684        3.0053844690327822     
   2.6099998950958252        3.0051307791517119     
   2.6199998855590820        3.0048879924344982     
   2.6299998760223389        3.0046556952332306     
   2.6399998664855957        3.0044334868415543     
   2.6499998569488525        3.0042209792231125     
   2.6599998474121094        3.0040177967390962     
   2.6699998378753662        3.0038235758753142     
   2.6799998283386230        3.0036379649691862     
   2.6900000572204590        3.0034606198048381     
   2.7000000476837158        3.0032912200553050     
   2.7100000381469727        3.0031294436543692     
   2.7200000286102295        3.0029749836272015     
   2.7300000190734863        3.0028275434968079     
   2.7400000095367432        3.0026868370177566     
   2.7500000000000000        3.0025525879120534     
   2.7599999904632568        3.0024245296074166     
   2.7699999809265137        3.0023024049781708     
   2.7799999713897705        3.0021859660889842     
   2.7899999618530273        3.0020749739416330     
   2.7999999523162842        3.0019691982249879     
   2.8099999427795410        3.0018684170683785     
   2.8199999332427979        3.0017724167984947     
   2.8299999237060547        3.0016809916999607     
   2.8399999141693115        3.0015939437797114     
   2.8499999046325684        3.0015110825352740     
   2.8599998950958252        3.0014322247270706     
   2.8699998855590820        3.0013571941548149     
   2.8799998760223389        3.0012858214380906     
   2.8899998664855957        3.0012179438011750     
   2.8999998569488525        3.0011534048621633     
   2.9099998474121094        3.0010920544264401     
   2.9199998378753662        3.0010337482845388     
   2.9299998283386230        3.0009783480144105     
   2.9399998188018799        3.0009257207881288     
   2.9500000476837158        3.0008757380219415     
   2.9600000381469727        3.0008282798950052     
   2.9700000286102295        3.0007832280238693     
   2.9800000190734863        3.0007404701131701     
   2.9900000095367432        3.0006998985618352     
   3.0000000000000000        3.0006614102963827     
   3.0099999904632568        3.0006249066085928     
   3.0199999809265137        3.0005902929975159     
   3.0299999713897705        3.0005574790157818     
   3.0399999618530273        3.0005263781201692     
   3.0499999523162842        3.0004969075263848     
   3.0599999427795410        3.0004689880680058     
   3.0699999332427979        3.0004425440595339     
   3.0799999237060547        3.0004175031634976     
   3.0899999141693115        3.0003937962615472     
   3.0999999046325684        3.0003713573294837     
   3.1099998950958252        3.0003501233161476     
   3.1199998855590820        3.0003300340261099     
   3.1299998760223389        3.0003110320060906     
   3.1399998664855957        3.0002930624350386     
   3.1499998569488525        3.0002760730177966     
   3.1599998474121094        3.0002600138822824     
   3.1699998378753662        3.0002448374801074     
   3.1799998283386230        3.0002304984905654     
   3.1899998188018799        3.0002169537279078     
   3.1999998092651367        3.0002041620518312     
   3.2100000381469727        3.0001920840013612     
   3.2200000286102295        3.0001806828462243     
   3.2300000190734863        3.0001699227801155     
   3.2400000095367432        3.0001597700110603     
   3.2500000000000000        3.0001501923905094     
   3.2599999904632568        3.0001411593415104     
   3.2699999809265137        3.0001326417895573     
   3.2799999713897705        3.0001246120960472     
   3.2899999618530273        3.0001170439942682     
   3.2999999523162842        3.0001099125278459     
   3.3099999427795410        3.0001031939915790     
   3.3199999332427979        3.0000968658745850     
   3.3299999237060547        3.0000909068056951     
   3.3399999141693115        3.0000852965010196     
   3.3499999046325684        3.0000800157136207     
   3.3599998950958252        3.0000750461852266     
   3.3699998855590820        3.0000703705999121     
   3.3799998760223389        3.0000659725396952     
   3.3899998664855957        3.0000618364419691     
   3.3999998569488525        3.0000579475587239     
   3.4099998474121094        3.0000542919174804     
   3.4199998378753662        3.0000508562838935     
   3.4299998283386230        3.0000476281259503     
   3.4399998188018799        3.0000445955797188     
   3.4499998092651367        3.0000417474165837     
   3.4600000381469727        3.0000390729501452     
   3.4700000286102295        3.0000365622571517     
   3.4800000190734863        3.0000342057666662     
   3.4900000095367432        3.0000319944916387     
   3.5000000000000000        3.0000299199370097     
   3.5099999904632568        3.0000279740747935     
   3.5199999809265137        3.0000261493202989     
   3.5299999713897705        3.0000244385094459     
   3.5399999618530273        3.0000228348771283     
   3.5499999523162842        3.0000213320365883     
   3.5599999427795410        3.0000199239597598     
   3.5699999332427979        3.0000186049585342     
   3.5799999237060547        3.0000173696669235     
   3.5899999141693115        3.0000162130240700     
   3.5999999046325684        3.0000151302580766     
   3.6099998950958252        3.0000141168706200     
   3.6199998855590820        3.0000131686223099     
   3.6299998760223389        3.0000122815187713     
   3.6399998664855957        3.0000114517974050     
   3.6499998569488525        3.0000106759148109     
   3.6599998474121094        3.0000099505348348     
   3.6699998378753662        3.0000092725172172     
   3.6799998283386230        3.0000086389068108     
   3.6899998188018799        3.0000080469233472     
   3.6999998092651367        3.0000074939517276     
   3.7099997997283936        3.0000069775328049     
   3.7200000286102295        3.0000064953435448     
   3.7300000190734863        3.0000060452338961     
   3.7400000095367432        3.0000056251500427     
   3.7500000000000000        3.0000052331736962     
   3.7599999904632568        3.0000048675031525     
   3.7699999809265137        3.0000045264466131     
   3.7799999713897705        3.0000042084158647     
   3.7899999618530273        3.0000039119202953     
   3.7999999523162842        3.0000036355612325     
   3.8099999427795410        3.0000033780265887     
   3.8199999332427979        3.0000031380857948     
   3.8299999237060547        3.0000029145850129     
   3.8399999141693115        3.0000027064426105     
   3.8499999046325684        3.0000025126448846     
   3.8599998950958252        3.0000023322420204     
   3.8699998855590820        3.0000021643442798     
   3.8799998760223389        3.0000020081183978     
   3.8899998664855957        3.0000018627841833     
   3.8999998569488525        3.0000017276113149     
   3.9099998474121094        3.0000016019163120     
   3.9199998378753662        3.0000014850596841     
   3.9299998283386230        3.0000013764432416     
   3.9399998188018799        3.0000012755075587     
   3.9499998092651367        3.0000011817295866     
   3.9599997997283936        3.0000010946204041     
   3.9700000286102295        3.0000010137212381     
   3.9800000190734863        3.0000009386090363     
   3.9900000095367432        3.0000008688830322     
   4.0000000000000000        3.0000008041708282     
   4.0099997520446777        3.0000007441261123     
   4.0199999809265137        3.0000006884202017     
   4.0299997329711914        3.0000006367555438     
   4.0399999618530273        3.0000005888446220     
   4.0499997138977051        3.0000005444284268     
   4.0599999427795410        3.0000005032569037     
   4.0699996948242188        3.0000004651048049     
   4.0799999237060547        3.0000004297548588     
   4.0899996757507324        3.0000003970113625     
   4.0999999046325684        3.0000003666857049     
   4.1100001335144043        3.0000003386067218     
   4.1199998855590820        3.0000003126146986     
   4.1300001144409180        3.0000002885573487     
   4.1399998664855957        3.0000002662975307     
   4.1500000953674316        3.0000002457033523     
   4.1599998474121094        3.0000002266560490     
   4.1700000762939453        3.0000002090414957     
   4.1799998283386230        3.0000001927569366     
   4.1900000572204590        3.0000001777037122     
   4.1999998092651367        3.0000001637930009     
   4.2100000381469727        3.0000001509395906     
   4.2199997901916504        3.0000001390667741     
   4.2300000190734863        3.0000001281010231     
   4.2399997711181641        3.0000001179761533     
   4.2500000000000000        3.0000001086287758     
   4.2599997520446777        3.0000001000018388     
   4.2699999809265137        3.0000000920407435     
   4.2799997329711914        3.0000000846963570     
   4.2899999618530273        3.0000000779216949     
   4.2999997138977051        3.0000000716744815     
   4.3099999427795410        3.0000000659143216     
   4.3199996948242188        3.0000000606048745     
   4.3299999237060547        3.0000000557114417     
   4.3399996757507324        3.0000000512028118     
   4.3499999046325684        3.0000000470492072     
   4.3600001335144043        3.0000000432236709     
   4.3699998855590820        3.0000000397011970     
   4.3800001144409180        3.0000000364581529     
   4.3899998664855957        3.0000000334732873     
   4.4000000953674316        3.0000000307263650     
   4.4099998474121094        3.0000000281991928     
   4.4200000762939453        3.0000000258744604     
   4.4299998283386230        3.0000000237366065     
   4.4400000572204590        3.0000000217708354     
   4.4499998092651367        3.0000000199638492     
   4.4600000381469727        3.0000000183030147     
   4.4699997901916504        3.0000000167769780     
   4.4800000190734863        3.0000000153749604     
   4.4899997711181641        3.0000000140872771     
   4.5000000000000000        3.0000000129047408     
   4.5099997520446777        3.0000000118190981     
   4.5199999809265137        3.0000000108225242     
   4.5299997329711914        3.0000000099079918     
   4.5399999618530273        3.0000000090688430     
   4.5499997138977051        3.0000000082991005     
   4.5599999427795410        3.0000000075931044     
   4.5699996948242188        3.0000000069457733     
   4.5799999237060547        3.0000000063523005     
   4.5899996757507324        3.0000000058083720     
   4.5999999046325684        3.0000000053099081     
   4.6100001335144043        3.0000000048532276     
   4.6199998855590820        3.0000000044349355     
   4.6300001144409180        3.0000000040518486     
   4.6399998664855957        3.0000000037011105     
   4.6500000953674316        3.0000000033800269     
   4.6599998474121094        3.0000000030861802     
   4.6700000762939453        3.0000000028172908     
   4.6799998283386230        3.0000000025713138     
   4.6900000572204590        3.0000000023463231     
   4.6999998092651367        3.0000000021405904     
   4.7100000381469727        3.0000000019524888     
   4.7199997901916504        3.0000000017805601     
   4.7300000190734863        3.0000000016234321     
   4.7399997711181641        3.0000000014798736     
   4.7500000000000000        3.0000000013487282     
   4.7599997520446777        3.0000000012289587     
   4.7699999809265137        3.0000000011195915     
   4.7799997329711914        3.0000000010197532     
   4.7899999618530273        3.0000000009286234     
   4.7999997138977051        3.0000000008454686     
   4.8099999427795410        3.0000000007695995     
   4.8199996948242188        3.0000000007003984     
   4.8299999237060547        3.0000000006372867     
   4.8399996757507324        3.0000000005797460     
   4.8499999046325684        3.0000000005272907     
   4.8599996566772461        3.0000000004794858     
   4.8699998855590820        3.0000000004359237     
   4.8800001144409180        3.0000000003962386     
   4.8899998664855957        3.0000000003600946     
   4.9000000953674316        3.0000000003271787     
   4.9099998474121094        3.0000000002972129     
   4.9200000762939453        3.0000000002699347     
   4.9299998283386230        3.0000000002451115     
   4.9400000572204590        3.0000000002225247     
   4.9499998092651367        3.0000000002019789     
   4.9600000381469727        3.0000000001832916     
   4.9699997901916504        3.0000000001663003     
   4.9800000190734863        3.0000000001508527     
   4.9899997711181641        3.0000000001368123     
   5.0000000000000000        3.0000000001240532     
