  -5.0000000000000000        9.0000000238105162     
  -4.9899997711181641        9.0000000260956305     
  -4.9800000190734863        9.0000000285937034     
  -4.9699997901916504        9.0000000313242250     
  -4.9600000381469727        9.0000000343078721     
  -4.9499998092651367        9.0000000375676894     
  -4.9400000572204590        9.0000000411281018     
  -4.9299998283386230        9.0000000450163213     
  -4.9200000762939453        9.0000000492611747     
  -4.9099998474121094        9.0000000538947695     
  -4.9000000953674316        9.0000000589510858     
  -4.8899998664855957        9.0000000644679723     
  -4.8800001144409180        9.0000000704854539     
  -4.8699998855590820        9.0000000770480995     
  -4.8599996566772461        9.0000000842033572     
  -4.8499999046325684        9.0000000920025940     
  -4.8399996757507324        9.0000001005026569     
  -4.8299999237060547        9.0000001097635458     
  -4.8199996948242188        9.0000001198520465     
  -4.8099999427795410        9.0000001308385791     
  -4.7999997138977051        9.0000001428015217     
  -4.7899999618530273        9.0000001558234572     
  -4.7799997329711914        9.0000001699962695     
  -4.7699999809265137        9.0000001854167078     
  -4.7599997520446777        9.0000002021923908     
  -4.7500000000000000        9.0000002204365472     
  -4.7399997711181641        9.0000002402751029     
  -4.7300000190734863        9.0000002618404373     
  -4.7199997901916504        9.0000002852797589     
  -4.7100000381469727        9.0000003107476854     
  -4.6999998092651367        9.0000003384161271     
  -4.6900000572204590        9.0000003684654963     
  -4.6799998283386230        9.0000004010963544     
  -4.6700000762939453        9.0000004365190076     
  -4.6599998474121094        9.0000004749672016     
  -4.6500000953674316        9.0000005166858443     
  -4.6399998664855957        9.0000005619470933     
  -4.6300001144409180        9.0000006110358601     
  -4.6199998855590820        9.0000006642687094     
  -4.6100001335144043        9.0000007219767610     
  -4.5999999046325684        9.0000007845278649     
  -4.5899996757507324        9.0000008523098103     
  -4.5799999237060547        9.0000009257395277     
  -4.5699996948242188        9.0000010052769195     
  -4.5599999427795410        9.0000010914019857     
  -4.5499997138977051        9.0000011846477967     
  -4.5399999618530273        9.0000012855702209     
  -4.5299997329711914        9.0000013947865121     
  -4.5199999809265137        9.0000015129397433     
  -4.5099997520446777        9.0000016407439158     
  -4.5000000000000000        9.0000017789422326     
  -4.4899997711181641        9.0000019283597688     
  -4.4800000190734863        9.0000020898545667     
  -4.4699997901916504        9.0000022643790825     
  -4.4600000381469727        9.0000024529229172     
  -4.4499998092651367        9.0000026565844564     
  -4.4400000572204590        9.0000028765038564     
  -4.4299998283386230        9.0000031139464838     
  -4.4200000762939453        9.0000033702245954     
  -4.4099998474121094        9.0000036467944309     
  -4.4000000953674316        9.0000039451647496     
  -4.3899998664855957        9.0000042670097233     
  -4.3800001144409180        9.0000046140622363     
  -4.3699998855590820        9.0000049882450153     
  -4.3600001335144043        9.0000053915462761     
  -4.3499999046325684        9.0000058261719023     
  -4.3399996757507324        9.0000062944238355     
  -4.3299999237060547        9.0000067987606798     
  -4.3199996948242188        9.0000073418878408     
  -4.3099999427795410        9.0000079265959201     
  -4.2999997138977051        9.0000085559806404     
  -4.2899999618530273        9.0000092332319674     
  -4.2799997329711914        9.0000099618885319     
  -4.2699999809265137        9.0000107455929257     
  -4.2599997520446777        9.0000115883857816     
  -4.2500000000000000        9.0000124944220996     
  -4.2399997711181641        9.0000134683108293     
  -4.2300000190734863        9.0000145147863719     
  -4.2199997901916504        9.0000156391003348     
  -4.2100000381469727        9.0000168466414898     
  -4.1999998092651367        9.0000181433873205     
  -4.1900000572204590        9.0000195354647641     
  -4.1799998283386230        9.0000210296702114     
  -4.1700000762939453        9.0000226329622937     
  -4.1599998474121094        9.0000243530601693     
  -4.1500000953674316        9.0000261978584213     
  -4.1399998664855957        9.0000281761147676     
  -4.1300001144409180        9.0000302967757904     
  -4.1199998855590820        9.0000325697666934     
  -4.1100001335144043        9.0000350052150395     
  -4.0999999046325684        9.0000376143568737     
  -4.0899996757507324        9.0000404087817731     
  -4.0799999237060547        9.0000434007822090     
  -4.0699996948242188        9.0000466038642877     
  -4.0599999427795410        9.0000500317687386     
  -4.0499997138977051        9.0000536997433738     
  -4.0399999618530273        9.0000576232820126     
  -4.0299997329711914        9.0000618195796580     
  -4.0199999809265137        9.0000663060871204     
  -4.0099997520446777        9.0000711021736066     
  -4.0000000000000000        9.0000762274717552     
  -3.9900000095367432        9.0000817036404737     
  -3.9800000190734863        9.0000875531465052     
  -3.9700000286102295        9.0000937999255139     
  -3.9599997997283936        9.0001004695016853     
  -3.9499998092651367        9.0001075884187678     
  -3.9399998188018799        9.0001151852738683     
  -3.9299998283386230        9.0001232901766830     
  -3.9199998378753662        9.0001319349917601     
  -3.9099998474121094        9.0001411534309881     
  -3.8999998569488525        9.0001509811502949     
  -3.8899998664855957        9.0001614558507228     
  -3.8799998760223389        9.0001726173840382     
  -3.8699998855590820        9.0001845078630200     
  -3.8599998950958252        9.0001971717766018     
  -3.8499999046325684        9.0002106561100046     
  -3.8399999141693115        9.0002250104700572     
  -3.8299999237060547        9.0002402872158367     
  -3.8199999332427979        9.0002565415948173     
  -3.8099999427795410        9.0002738318846802     
  -3.7999999523162842        9.0002922195409791     
  -3.7899999618530273        9.0003117693507892     
  -3.7799999713897705        9.0003325495925619     
  -3.7699999809265137        9.0003546322023098     
  -3.7599999904632568        9.0003780929463204     
  -3.7500000000000000        9.0004030116005538     
  -3.7400000095367432        9.0004294721369060     
  -3.7300000190734863        9.0004575629164911     
  -3.7200000286102295        9.0004873768901170     
  -3.7099997997283936        9.0005190125828545     
  -3.6999998092651367        9.0005525712495036     
  -3.6899998188018799        9.0005881616193477     
  -3.6799998283386230        9.0006258971562030     
  -3.6699998378753662        9.0006658970293358     
  -3.6599998474121094        9.0007082863603340     
  -3.6499998569488525        9.0007531964782128     
  -3.6399998664855957        9.0008007651828859     
  -3.6299998760223389        9.0008511370171025     
  -3.6199998855590820        9.0009044635469717     
  -3.6099998950958252        9.0009609036511726     
  -3.5999999046325684        9.0010206238189223     
  -3.5899999141693115        9.0010837984567971     
  -3.5799999237060547        9.0011506102044461     
  -3.5699999332427979        9.0012212502592721     
  -3.5599999427795410        9.0012959187100936     
  -3.5499999523162842        9.0013748248797985     
  -3.5399999618530273        9.0014581876770166     
  -3.5299999713897705        9.0015462359567646     
  -3.5199999809265137        9.0016392088900279     
  -3.5099999904632568        9.0017373563422431     
  -3.5000000000000000        9.0018409392605516     
  -3.4900000095367432        9.0019502300697667     
  -3.4800000190734863        9.0020655130768876     
  -3.4700000286102295        9.0021870848840031     
  -3.4600000381469727        9.0023152548094227     
  -3.4499998092651367        9.0024503486227392     
  -3.4399998188018799        9.0025926959349842     
  -3.4299998283386230        9.0027426499558061     
  -3.4199998378753662        9.0029005752358078     
  -3.4099998474121094        9.0030668512617744     
  -3.3999998569488525        9.0032418729213308     
  -3.3899998664855957        9.0034260509735233     
  -3.3799998760223389        9.0036198125249296     
  -3.3699998855590820        9.0038236015107280     
  -3.3599998950958252        9.0040378791801974     
  -3.3499999046325684        9.0042631245860232     
  -3.3399999141693115        9.0044998350767784     
  -3.3299999237060547        9.0047485267918539     
  -3.3199999332427979        9.0050097351581027     
  -3.3099999427795410        9.0052840153873870     
  -3.2999999523162842        9.0055719429741536     
  -3.2899999618530273        9.0058741141921619     
  -3.2799999713897705        9.0061911465893392     
  -3.2699999809265137        9.0065236794797716     
  -3.2599999904632568        9.0068723744317243     
  -3.2500000000000000        9.0072379157505420     
  -3.2400000095367432        9.0076210109552051     
  -3.2300000190734863        9.0080223912472821     
  -3.2200000286102295        9.0084428119709123     
  -3.2100000381469727        9.0088830530624282     
  -3.1999998092651367        9.0093439307284786     
  -3.1899998188018799        9.0098262534306652     
  -3.1799998283386230        9.0103308881928097     
  -3.1699998378753662        9.0108587175563866     
  -3.1599998474121094        9.0114106506936160     
  -3.1499998569488525        9.0119876237614900     
  -3.1399998664855957        9.0125906002336844     
  -3.1299998760223389        9.0132205712083699     
  -3.1199998855590820        9.0138785556899190     
  -3.1099998950958252        9.0145656008423956     
  -3.0999999046325684        9.0152827822126991     
  -3.0899999141693115        9.0160312039211021     
  -3.0799999237060547        9.0168119988169160     
  -3.0699999332427979        9.0176263285969043     
  -3.0599999427795410        9.0184753838840717     
  -3.0499999523162842        9.0193603842642904     
  -3.0399999618530273        9.0202825782782803     
  -3.0299999713897705        9.0212432433663352     
  -3.0199999809265137        9.0222436857631312     
  -3.0099999904632568        9.0232852403399733     
  -3.0000000000000000        9.0243692703916860     
  -2.9900000095367432        9.0254971673654154     
  -2.9800000190734863        9.0266703505284944     
  -2.9700000286102295        9.0278902665725269     
  -2.9600000381469727        9.0291583891508225     
  -2.9500000476837158        9.0304762183462444     
  -2.9399998188018799        9.0318453133306331     
  -2.9299998283386230        9.0332671599057335     
  -2.9199998378753662        9.0347433655354141     
  -2.9099998474121094        9.0362755292060779     
  -2.8999998569488525        9.0378652725268456     
  -2.8899998664855957        9.0395142387184180     
  -2.8799998760223389        9.0412240915118574     
  -2.8699998855590820        9.0429965139544528     
  -2.8599998950958252        9.0448332071198223     
  -2.8499999046325684        9.0467358887194749     
  -2.8399999141693115        9.0487062916131080     
  -2.8299999237060547        9.0507461622149936     
  -2.8199999332427979        9.0528572587938569     
  -2.8099999427795410        9.0550413496637692     
  -2.7999999523162842        9.0573002112636569     
  -2.7899999618530273        9.0596356261231321     
  -2.7799999713897705        9.0620493807125069     
  -2.7699999809265137        9.0645432631749134     
  -2.7599999904632568        9.0671190609386869     
  -2.7500000000000000        9.0697785582082577     
  -2.7400000095367432        9.0725235333319816     
  -2.7300000190734863        9.0753557560455445     
  -2.7200000286102295        9.0782769845897455     
  -2.7100000381469727        9.0812889627016791     
  -2.7000000476837158        9.0843934164785569     
  -2.6900000572204590        9.0875920511136581     
  -2.6799998283386230        9.0908866272070892     
  -2.6699998378753662        9.0942786407779117     
  -2.6599998474121094        9.0977697908387611     
  -2.6499998569488525        9.1013616637641217     
  -2.6399998664855957        9.1050558067858134     
  -2.6299998760223389        9.1088537239655381     
  -2.6199998855590820        9.1127568720435974     
  -2.6099998950958252        9.1167666561656482     
  -2.5999999046325684        9.1208844254896562     
  -2.5899999141693115        9.1251114686756800     
  -2.5799999237060547        9.1294490092613820     
  -2.5699999332427979        9.1338982009266427     
  -2.5599999427795410        9.1384601226510274     
  -2.5499999523162842        9.1431357737682664     
  -2.5399999618530273        9.1479260689223612     
  -2.5299999713897705        9.1528318329303247     
  -2.5199999809265137        9.1578537955570631     
  -2.5099999904632568        9.1629925862083272     
  -2.5000000000000000        9.1682487285481358     
  -2.4900000095367432        9.1736226350475256     
  -2.4800000190734863        9.1791146014720191     
  -2.4700000286102295        9.1847248013155980     
  -2.4600000381469727        9.1904532801895300     
  -2.4500000476837158        9.1962999501748488     
  -2.4400000572204590        9.2022645841477964     
  -2.4299998283386230        9.2083469564977154     
  -2.4199998378753662        9.2145462545731807     
  -2.4099998474121094        9.2208619430760841     
  -2.3999998569488525        9.2272931811263383     
  -2.3899998664855957        9.2338389602205826     
  -2.3799998760223389        9.2404980986182768     
  -2.3699998855590820        9.2472692357795712     
  -2.3599998950958252        9.2541508268681234     
  -2.3499999046325684        9.2611411373324941     
  -2.3399999141693115        9.2682382375801406     
  -2.3299999237060547        9.2754399977585322     
  -2.3199999332427979        9.2827440826582368     
  -2.3099999427795410        9.2901479467532884     
  -2.2999999523162842        9.2976488293944595     
  -2.2899999618530273        9.3052437501714707     
  -2.2799999713897705        9.3129295044604401     
  -2.2699999809265137        9.3207026591732216     
  -2.2599999904632568        9.3285595487255257     
  -2.2500000000000000        9.3364962712409891     
  -2.2400000095367432        9.3445086850085488     
  -2.2300000190734863        9.3525924052106841     
  -2.2200000286102295        9.3607428009401943     
  -2.2100000381469727        9.3689549925233724     
  -2.2000000476837158        9.3772238491674038     
  -2.1900000572204590        9.3855439869499353     
  -2.1800000667572021        9.3939097671686973     
  -2.1699998378753662        9.4023154958981028     
  -2.1599998474121094        9.4107546205218409     
  -2.1499998569488525        9.4192209319109477     
  -2.1399998664855957        9.4277077635571693     
  -2.1299998760223389        9.4362081919416170     
  -2.1199998855590820        9.4447150374144151     
  -2.1099998950958252        9.4532208655555223     
  -2.0999999046325684        9.4617179890328433     
  -2.0899999141693115        9.4701984699732691     
  -2.0799999237060547        9.4786541228617445     
  -2.0699999332427979        9.4870765179829313     
  -2.0599999427795410        9.4954569854193345     
  -2.0499999523162842        9.5037866196191274     
  -2.0399999618530273        9.5120562845461194     
  -2.0299999713897705        9.5202566194234954     
  -2.0199999809265137        9.5283780450820945     
  -2.0099999904632568        9.5364107709230570     
  -2.0000000000000000        9.5443448025036588     
  -1.9900000095367432        9.5521699497541110     
  -1.9799998998641968        9.5598759269407498     
  -1.9699999094009399        9.5674519961173292     
  -1.9599999189376831        9.5748875286271051     
  -1.9499999284744263        9.5821716468852784     
  -1.9399999380111694        9.5892933284191244     
  -1.9299999475479126        9.5962414179671782     
  -1.9199999570846558        9.6030046402293010     
  -1.9099999666213989        9.6095716132648707     
  -1.8999999761581421        9.6159308625348068     
  -1.8899999856948853        9.6220708355815319     
  -1.8799999952316284        9.6279799173393137     
  -1.8700000047683716        9.6336464460657965     
  -1.8600000143051147        9.6390587298837556     
  -1.8499999046325684        9.6442051236378230     
  -1.8399999141693115        9.6490738043675943     
  -1.8299999237060547        9.6536531579008642     
  -1.8199999332427979        9.6579315489616828     
  -1.8099999427795410        9.6618974034942902     
  -1.7999999523162842        9.6655392285362414     
  -1.7899999618530273        9.6688456325745769     
  -1.7799999713897705        9.6718053463593723     
  -1.7699999809265137        9.6744072441471545     
  -1.7599999904632568        9.6766403653447828     
  -1.7500000000000000        9.6784939365225000     
  -1.7400000095367432        9.6799573937630097     
  -1.7300000190734863        9.6810204053115640     
  -1.7199999094009399        9.6816728997824235     
  -1.7099999189376831        9.6819050630624464     
  -1.6999999284744263        9.6817074084812660     
  -1.6899999380111694        9.6810707641343505     
  -1.6799999475479126        9.6799863066958682     
  -1.6699999570846558        9.6784455850408335     
  -1.6599999666213989        9.6764405438745928     
  -1.6499999761581421        9.6739635473213337     
  -1.6399999856948853        9.6710074024218695     
  -1.6299999952316284        9.6675653824896646     
  -1.6200000047683716        9.6636312502728039     
  -1.6100000143051147        9.6591992808684726     
  -1.5999999046325684        9.6542642224884005     
  -1.5899999141693115        9.6488215600252456     
  -1.5799999237060547        9.6428671839981153     
  -1.5699999332427979        9.6363976411773447     
  -1.5599999427795410        9.6294100996053995     
  -1.5499999523162842        9.6219023688533500     
  -1.5399999618530273        9.6138729196327386     
  -1.5299999713897705        9.6053209027042019     
  -1.5199999809265137        9.5962461670242387     
  -1.5099999904632568        9.5866492770714959     
  -1.5000000000000000        9.5765315292942148     
  -1.4900000095367432        9.5658949676208813     
  -1.4800000190734863        9.5547423979765966     
  -1.4699999094009399        9.5430772596529199     
  -1.4599999189376831        9.5309042000209345     
  -1.4499999284744263        9.5182282513032348     
  -1.4399999380111694        9.5050553907318580     
  -1.4299999475479126        9.4913924132500664     
  -1.4199999570846558        9.4772469389067346     
  -1.4099999666213989        9.4626274188828283     
  -1.3999999761581421        9.4475431401026846     
  -1.3899999856948853        9.4320042283848000     
  -1.3799999952316284        9.4160216500890108     
  -1.3700000047683716        9.3996072122193706     
  -1.3600000143051147        9.3827735609444538     
  -1.3500000238418579        9.3655341784995638     
  -1.3399999141693115        9.3479031659887131     
  -1.3299999237060547        9.3298960823611328     
  -1.3199999332427979        9.3115286749498409     
  -1.3099999427795410        9.2928177058459518     
  -1.2999999523162842        9.2737807324098913     
  -1.2899999618530273        9.2544360938880743     
  -1.2799999713897705        9.2348028962504678     
  -1.2699999809265137        9.2149009952402849     
  -1.2599999904632568        9.1947509776309282     
  -1.2500000000000000        9.1743741406894195     
  -1.2400000095367432        9.1537924698495932     
  -1.2300000190734863        9.1330286146026296     
  -1.2200000286102295        9.1121058626167795     
  -1.2099999189376831        9.0910478603663734     
  -1.1999999284744263        9.0698795895382300     
  -1.1899999380111694        9.0486258293469284     
  -1.1799999475479126        9.0273121266175629     
  -1.1699999570846558        9.0059645111126407     
  -1.1599999666213989        8.9846094595245329     
  -1.1499999761581421        8.9632738579052340     
  -1.1399999856948853        8.9419849625813370     
  -1.1299999952316284        8.9207703596067240     
  -1.1200000047683716        8.8996579228099009     
  -1.1100000143051147        8.8786757704974306     
  -1.1000000238418579        8.8578522208792858     
  -1.0900000333786011        8.8372157462862511     
  -1.0799999237060547        8.8167946842175855     
  -1.0699999332427979        8.7966181605975731     
  -1.0599999427795410        8.7767145797070931     
  -1.0499999523162842        8.7571125510640382     
  -1.0399999618530273        8.7378405940200050     
  -1.0299999713897705        8.7189270864325046     
  -1.0199999809265137        8.7004002127322639     
  -1.0099999904632568        8.6822879114861173     
  -1.0000000000000000        8.6646178225589647     
 -0.98999994993209839        8.6474171329105101     
 -0.97999995946884155        8.6307129305980830     
 -0.96999996900558472        8.6145315360024455     
 -0.95999997854232788        8.5988988615567088     
 -0.94999998807907104        8.5838402545992434     
 -0.93999999761581421        8.5693804444486759     
 -0.93000000715255737        8.5555434898698444     
 -0.91999995708465576        8.5423526503983958     
 -0.90999996662139893        8.5298306456089605     
 -0.89999997615814209        8.5179991325348894     
 -0.88999998569488525        8.5068789744068454     
 -0.87999999523162842        8.4964901113107043     
 -0.87000000476837158        8.4868515125334394     
 -0.85999995470046997        8.4779810795974999     
 -0.84999996423721313        8.4698958081191993     
 -0.83999997377395630        8.4626114268399704     
 -0.82999998331069946        8.4561425718161498     
 -0.81999999284744263        8.4505026909479231     
 -0.81000000238418579        8.4457040055035986     
 -0.79999995231628418        8.4417574526066996     
 -0.78999996185302734        8.4386727397377079     
 -0.77999997138977051        8.4364581711290771     
 -0.76999998092651367        8.4351207168665887     
 -0.75999999046325684        8.4346659590058941     
 -0.75000000000000000        8.4350980661865407     
 -0.74000000953674316        8.4364197707578690     
 -0.72999995946884155        8.4386323643429009     
 -0.71999996900558472        8.4417356221629696     
 -0.70999997854232788        8.4457278673051750     
 -0.69999998807907104        8.4506059112341401     
 -0.68999999761581421        8.4563650551466338     
 -0.68000000715255737        8.4629990837217015     
 -0.66999995708465576        8.4705003091248994     
 -0.65999996662139893        8.4788593867285371     
 -0.64999997615814209        8.4880655862593795     
 -0.63999998569488525        8.4981066239525198     
 -0.62999999523162842        8.5089687136782501     
 -0.62000000476837158        8.5206365790555907     
 -0.61000001430511475        8.5330934686949789     
 -0.59999996423721313        8.5463212556727743     
 -0.58999997377395630        8.5603001390331599     
 -0.57999998331069946        8.5750091416271559     
 -0.56999999284744263        8.5904258268920550     
 -0.56000000238418579        8.6065264061624713     
 -0.55000001192092896        8.6232857724360965     
 -0.53999996185302734        8.6406776426079794     
 -0.52999997138977051        8.6586741786801227     
 -0.51999998092651367        8.6772466525143326     
 -0.50999999046325684        8.6963650800852577     
 -0.50000000000000000        8.7159983713310485     
 -0.48999997973442078        8.7361144414764773     
 -0.47999998927116394        8.7566800230124837     
 -0.46999999880790710        8.7776610812423250     
 -0.45999997854232788        8.7990226980493276     
 -0.44999998807907104        8.8207289356377245     
 -0.43999999761581421        8.8427432810958972     
 -0.42999997735023499        8.8650285239780171     
 -0.41999998688697815        8.8875466192534045     
 -0.40999999642372131        8.9102591540426648     
 -0.39999997615814209        8.9331272206698920     
 -0.38999998569488525        8.9561112807655547     
 -0.37999999523162842        8.9791716468456855     
 -0.37000000476837158        9.0022682836973136     
 -0.35999998450279236        9.0253610197809930     
 -0.34999999403953552        9.0484093474857819     
 -0.34000000357627869        9.0713729124901565     
 -0.32999998331069946        9.0942113829488402     
 -0.31999999284744263        9.1168843235968975     
 -0.31000000238418579        9.1393516816737446     
 -0.29999998211860657        9.1615736573692388     
 -0.28999999165534973        9.1835105851554939     
 -0.28000000119209290        9.2051234082678022     
 -0.26999998092651367        9.2263735521438992     
 -0.25999999046325684        9.2472228145884205     
 -0.25000000000000000        9.2676338209107634     
 -0.23999999463558197        9.2875698727170199     
 -0.22999998927116394        9.3069949950493651     
 -0.21999999880790710        9.3258740711818628     
 -0.20999999344348907        9.3441729936032534     
 -0.19999998807907104        9.3618585635068925     
 -0.18999999761581421        9.3788986458460855     
 -0.17999999225139618        9.3952623059826763     
 -0.17000000178813934        9.4109196969471434     
 -0.15999999642372131        9.4258423145127228     
 -0.14999999105930328        9.4400028890750409     
 -0.14000000059604645        9.4533755160310395     
 -0.12999999523162842        9.4659357630655183     
 -0.11999999731779099        9.4776605919428718     
 -0.10999999940395355        9.4885285129032262     
  -9.9999994039535522E-002   9.4985195873629813     
  -8.9999996125698090E-002   9.5076154492424259     
  -7.9999998211860657E-002   9.5157993872225930     
  -7.0000000298023224E-002   9.5230563485683586     
  -5.9999998658895493E-002   9.5293729799616411     
  -4.9999997019767761E-002   9.5347376476842474     
  -3.9999999105930328E-002   9.5391404680056535     
  -2.9999999329447746E-002   9.5425733302816802     
  -1.9999999552965164E-002   9.5450299058128536     
  -9.9999997764825821E-003   9.5465056654192253     
   0.0000000000000000        9.5469978878562536     
   9.9999997764825821E-003   9.5465056654192253     
   1.9999999552965164E-002   9.5450299058128536     
   2.9999999329447746E-002   9.5425733302816802     
   3.9999999105930328E-002   9.5391404680056535     
   4.9999997019767761E-002   9.5347376476842474     
   5.9999998658895493E-002   9.5293729799616411     
   7.0000000298023224E-002   9.5230563485683586     
   7.9999998211860657E-002   9.5157993872225930     
   8.9999996125698090E-002   9.5076154492424259     
   9.9999994039535522E-002   9.4985195873629813     
  0.10999999940395355        9.4885285129032262     
  0.11999999731779099        9.4776605919428718     
  0.12999999523162842        9.4659357630655183     
  0.14000000059604645        9.4533755160310395     
  0.14999999105930328        9.4400028890750409     
  0.15999999642372131        9.4258423145127228     
  0.17000000178813934        9.4109196969471434     
  0.17999999225139618        9.3952623059826763     
  0.18999999761581421        9.3788986458460855     
  0.19999998807907104        9.3618585635068925     
  0.20999999344348907        9.3441729936032534     
  0.21999999880790710        9.3258740711818628     
  0.22999998927116394        9.3069949950493651     
  0.23999999463558197        9.2875698727170199     
  0.25000000000000000        9.2676338209107634     
  0.25999999046325684        9.2472228145884205     
  0.26999998092651367        9.2263735521438992     
  0.28000000119209290        9.2051234082678022     
  0.28999999165534973        9.1835105851554939     
  0.29999998211860657        9.1615736573692388     
  0.31000000238418579        9.1393516816737446     
  0.31999999284744263        9.1168843235968975     
  0.32999998331069946        9.0942113829488402     
  0.34000000357627869        9.0713729124901565     
  0.34999999403953552        9.0484093474857819     
  0.35999998450279236        9.0253610197809930     
  0.37000000476837158        9.0022682836973136     
  0.37999999523162842        8.9791716468456855     
  0.38999998569488525        8.9561112807655547     
  0.39999997615814209        8.9331272206698920     
  0.40999999642372131        8.9102591540426648     
  0.41999998688697815        8.8875466192534045     
  0.42999997735023499        8.8650285239780171     
  0.43999999761581421        8.8427432810958972     
  0.44999998807907104        8.8207289356377245     
  0.45999997854232788        8.7990226980493276     
  0.46999999880790710        8.7776610812423250     
  0.47999998927116394        8.7566800230124837     
  0.48999997973442078        8.7361144414764773     
  0.50000000000000000        8.7159983713310485     
  0.50999999046325684        8.6963650800852577     
  0.51999998092651367        8.6772466525143326     
  0.52999997138977051        8.6586741786801227     
  0.53999996185302734        8.6406776426079794     
  0.55000001192092896        8.6232857724360965     
  0.56000000238418579        8.6065264061624713     
  0.56999999284744263        8.5904258268920550     
  0.57999998331069946        8.5750091416271559     
  0.58999997377395630        8.5603001390331599     
  0.59999996423721313        8.5463212556727743     
  0.61000001430511475        8.5330934686949789     
  0.62000000476837158        8.5206365790555907     
  0.62999999523162842        8.5089687136782501     
  0.63999998569488525        8.4981066239525198     
  0.64999997615814209        8.4880655862593795     
  0.65999996662139893        8.4788593867285371     
  0.66999995708465576        8.4705003091248994     
  0.68000000715255737        8.4629990837217015     
  0.68999999761581421        8.4563650551466338     
  0.69999998807907104        8.4506059112341401     
  0.70999997854232788        8.4457278673051750     
  0.71999996900558472        8.4417356221629696     
  0.72999995946884155        8.4386323643429009     
  0.74000000953674316        8.4364197707578690     
  0.75000000000000000        8.4350980661865407     
  0.75999999046325684        8.4346659590058941     
  0.76999998092651367        8.4351207168665887     
  0.77999997138977051        8.4364581711290771     
  0.78999996185302734        8.4386727397377079     
  0.79999995231628418        8.4417574526066996     
  0.81000000238418579        8.4457040055035986     
  0.81999999284744263        8.4505026909479231     
  0.82999998331069946        8.4561425718161498     
  0.83999997377395630        8.4626114268399704     
  0.84999996423721313        8.4698958081191993     
  0.85999995470046997        8.4779810795974999     
  0.87000000476837158        8.4868515125334394     
  0.87999999523162842        8.4964901113107043     
  0.88999998569488525        8.5068789744068454     
  0.89999997615814209        8.5179991325348894     
  0.90999996662139893        8.5298306456089605     
  0.91999995708465576        8.5423526503983958     
  0.93000000715255737        8.5555434898698444     
  0.93999999761581421        8.5693804444486759     
  0.94999998807907104        8.5838402545992434     
  0.95999997854232788        8.5988988615567088     
  0.96999996900558472        8.6145315360024455     
  0.97999995946884155        8.6307129305980830     
  0.98999994993209839        8.6474171329105101     
   1.0000000000000000        8.6646178225589647     
   1.0099999904632568        8.6822879114861173     
   1.0199999809265137        8.7004002127322639     
   1.0299999713897705        8.7189270864325046     
   1.0399999618530273        8.7378405940200050     
   1.0499999523162842        8.7571125510640382     
   1.0599999427795410        8.7767145797070931     
   1.0699999332427979        8.7966181605975731     
   1.0799999237060547        8.8167946842175855     
   1.0900000333786011        8.8372157462862511     
   1.1000000238418579        8.8578522208792858     
   1.1100000143051147        8.8786757704974306     
   1.1200000047683716        8.8996579228099009     
   1.1299999952316284        8.9207703596067240     
   1.1399999856948853        8.9419849625813370     
   1.1499999761581421        8.9632738579052340     
   1.1599999666213989        8.9846094595245329     
   1.1699999570846558        9.0059645111126407     
   1.1799999475479126        9.0273121266175629     
   1.1899999380111694        9.0486258293469284     
   1.1999999284744263        9.0698795895382300     
   1.2099999189376831        9.0910478603663734     
   1.2200000286102295        9.1121058626167795     
   1.2300000190734863        9.1330286146026296     
   1.2400000095367432        9.1537924698495932     
   1.2500000000000000        9.1743741406894195     
   1.2599999904632568        9.1947509776309282     
   1.2699999809265137        9.2149009952402849     
   1.2799999713897705        9.2348028962504678     
   1.2899999618530273        9.2544360938880743     
   1.2999999523162842        9.2737807324098913     
   1.3099999427795410        9.2928177058459518     
   1.3199999332427979        9.3115286749498409     
   1.3299999237060547        9.3298960823611328     
   1.3399999141693115        9.3479031659887131     
   1.3500000238418579        9.3655341784995638     
   1.3600000143051147        9.3827735609444538     
   1.3700000047683716        9.3996072122193706     
   1.3799999952316284        9.4160216500890108     
   1.3899999856948853        9.4320042283848000     
   1.3999999761581421        9.4475431401026846     
   1.4099999666213989        9.4626274188828283     
   1.4199999570846558        9.4772469389067346     
   1.4299999475479126        9.4913924132500664     
   1.4399999380111694        9.5050553907318580     
   1.4499999284744263        9.5182282513032348     
   1.4599999189376831        9.5309042000209345     
   1.4699999094009399        9.5430772596529199     
   1.4800000190734863        9.5547423979765966     
   1.4900000095367432        9.5658949676208813     
   1.5000000000000000        9.5765315292942148     
   1.5099999904632568        9.5866492770714959     
   1.5199999809265137        9.5962461670242387     
   1.5299999713897705        9.6053209027042019     
   1.5399999618530273        9.6138729196327386     
   1.5499999523162842        9.6219023688533500     
   1.5599999427795410        9.6294100996053995     
   1.5699999332427979        9.6363976411773447     
   1.5799999237060547        9.6428671839981153     
   1.5899999141693115        9.6488215600252456     
   1.5999999046325684        9.6542642224884005     
   1.6100000143051147        9.6591992808684726     
   1.6200000047683716        9.6636312502728039     
   1.6299999952316284        9.6675653824896646     
   1.6399999856948853        9.6710074024218695     
   1.6499999761581421        9.6739635473213337     
   1.6599999666213989        9.6764405438745928     
   1.6699999570846558        9.6784455850408335     
   1.6799999475479126        9.6799863066958682     
   1.6899999380111694        9.6810707641343505     
   1.6999999284744263        9.6817074084812660     
   1.7099999189376831        9.6819050630624464     
   1.7199999094009399        9.6816728997824235     
   1.7300000190734863        9.6810204053115640     
   1.7400000095367432        9.6799573937630097     
   1.7500000000000000        9.6784939365225000     
   1.7599999904632568        9.6766403653447828     
   1.7699999809265137        9.6744072441471545     
   1.7799999713897705        9.6718053463593723     
   1.7899999618530273        9.6688456325745769     
   1.7999999523162842        9.6655392285362414     
   1.8099999427795410        9.6618974034942902     
   1.8199999332427979        9.6579315489616828     
   1.8299999237060547        9.6536531579008642     
   1.8399999141693115        9.6490738043675943     
   1.8499999046325684        9.6442051236378230     
   1.8600000143051147        9.6390587298837556     
   1.8700000047683716        9.6336464460657965     
   1.8799999952316284        9.6279799173393137     
   1.8899999856948853        9.6220708355815319     
   1.8999999761581421        9.6159308625348068     
   1.9099999666213989        9.6095716132648707     
   1.9199999570846558        9.6030046402293010     
   1.9299999475479126        9.5962414179671782     
   1.9399999380111694        9.5892933284191244     
   1.9499999284744263        9.5821716468852784     
   1.9599999189376831        9.5748875286271051     
   1.9699999094009399        9.5674519961173292     
   1.9799998998641968        9.5598759269407498     
   1.9900000095367432        9.5521699497541110     
   2.0000000000000000        9.5443448025036588     
   2.0099999904632568        9.5364107709230570     
   2.0199999809265137        9.5283780450820945     
   2.0299999713897705        9.5202566194234954     
   2.0399999618530273        9.5120562845461194     
   2.0499999523162842        9.5037866196191274     
   2.0599999427795410        9.4954569854193345     
   2.0699999332427979        9.4870765179829313     
   2.0799999237060547        9.4786541228617445     
   2.0899999141693115        9.4701984699732691     
   2.0999999046325684        9.4617179890328433     
   2.1099998950958252        9.4532208655555223     
   2.1199998855590820        9.4447150374144151     
   2.1299998760223389        9.4362081919416170     
   2.1399998664855957        9.4277077635571693     
   2.1499998569488525        9.4192209319109477     
   2.1599998474121094        9.4107546205218409     
   2.1699998378753662        9.4023154958981028     
   2.1800000667572021        9.3939097671686973     
   2.1900000572204590        9.3855439869499353     
   2.2000000476837158        9.3772238491674038     
   2.2100000381469727        9.3689549925233724     
   2.2200000286102295        9.3607428009401943     
   2.2300000190734863        9.3525924052106841     
   2.2400000095367432        9.3445086850085488     
   2.2500000000000000        9.3364962712409891     
   2.2599999904632568        9.3285595487255257     
   2.2699999809265137        9.3207026591732216     
   2.2799999713897705        9.3129295044604401     
   2.2899999618530273        9.3052437501714707     
   2.2999999523162842        9.2976488293944595     
   2.3099999427795410        9.2901479467532884     
   2.3199999332427979        9.2827440826582368     
   2.3299999237060547        9.2754399977585322     
   2.3399999141693115        9.2682382375801406     
   2.3499999046325684        9.2611411373324941     
   2.3599998950958252        9.2541508268681234     
   2.3699998855590820        9.2472692357795712     
   2.3799998760223389        9.2404980986182768     
   2.3899998664855957        9.2338389602205826     
   2.3999998569488525        9.2272931811263383     
   2.4099998474121094        9.2208619430760841     
   2.4199998378753662        9.2145462545731807     
   2.4299998283386230        9.2083469564977154     
   2.4400000572204590        9.2022645841477964     
   2.4500000476837158        9.1962999501748488     
   2.4600000381469727        9.1904532801895300     
   2.4700000286102295        9.1847248013155980     
   2.4800000190734863        9.1791146014720191     
   2.4900000095367432        9.1736226350475256     
   2.5000000000000000        9.1682487285481358     
   2.5099999904632568        9.1629925862083272     
   2.5199999809265137        9.1578537955570631     
   2.5299999713897705        9.1528318329303247     
   2.5399999618530273        9.1479260689223612     
   2.5499999523162842        9.1431357737682664     
   2.5599999427795410        9.1384601226510274     
   2.5699999332427979        9.1338982009266427     
   2.5799999237060547        9.1294490092613820     
   2.5899999141693115        9.1251114686756800     
   2.5999999046325684        9.1208844254896562     
   2.6099998950958252        9.1167666561656482     
   2.6199998855590820        9.1127568720435974     
   2.6299998760223389        9.1088537239655381     
   2.6399998664855957        9.1050558067858134     
   2.6499998569488525        9.1013616637641217     
   2.6599998474121094        9.0977697908387611     
   2.6699998378753662        9.0942786407779117     
   2.6799998283386230        9.0908866272070892     
   2.6900000572204590        9.0875920511136581     
   2.7000000476837158        9.0843934164785569     
   2.7100000381469727        9.0812889627016791     
   2.7200000286102295        9.0782769845897455     
   2.7300000190734863        9.0753557560455445     
   2.7400000095367432        9.0725235333319816     
   2.7500000000000000        9.0697785582082577     
   2.7599999904632568        9.0671190609386869     
   2.7699999809265137        9.0645432631749134     
   2.7799999713897705        9.0620493807125069     
   2.7899999618530273        9.0596356261231321     
   2.7999999523162842        9.0573002112636569     
   2.8099999427795410        9.0550413496637692     
   2.8199999332427979        9.0528572587938569     
   2.8299999237060547        9.0507461622149936     
   2.8399999141693115        9.0487062916131080     
   2.8499999046325684        9.0467358887194749     
   2.8599998950958252        9.0448332071198223     
   2.8699998855590820        9.0429965139544528     
   2.8799998760223389        9.0412240915118574     
   2.8899998664855957        9.0395142387184180     
   2.8999998569488525        9.0378652725268456     
   2.9099998474121094        9.0362755292060779     
   2.9199998378753662        9.0347433655354141     
   2.9299998283386230        9.0332671599057335     
   2.9399998188018799        9.0318453133306331     
   2.9500000476837158        9.0304762183462444     
   2.9600000381469727        9.0291583891508225     
   2.9700000286102295        9.0278902665725269     
   2.9800000190734863        9.0266703505284944     
   2.9900000095367432        9.0254971673654154     
   3.0000000000000000        9.0243692703916860     
   3.0099999904632568        9.0232852403399733     
   3.0199999809265137        9.0222436857631312     
   3.0299999713897705        9.0212432433663352     
   3.0399999618530273        9.0202825782782803     
   3.0499999523162842        9.0193603842642904     
   3.0599999427795410        9.0184753838840717     
   3.0699999332427979        9.0176263285969043     
   3.0799999237060547        9.0168119988169160     
   3.0899999141693115        9.0160312039211021     
   3.0999999046325684        9.0152827822126991     
   3.1099998950958252        9.0145656008423956     
   3.1199998855590820        9.0138785556899190     
   3.1299998760223389        9.0132205712083699     
   3.1399998664855957        9.0125906002336844     
   3.1499998569488525        9.0119876237614900     
   3.1599998474121094        9.0114106506936160     
   3.1699998378753662        9.0108587175563866     
   3.1799998283386230        9.0103308881928097     
   3.1899998188018799        9.0098262534306652     
   3.1999998092651367        9.0093439307284786     
   3.2100000381469727        9.0088830530624282     
   3.2200000286102295        9.0084428119709123     
   3.2300000190734863        9.0080223912472821     
   3.2400000095367432        9.0076210109552051     
   3.2500000000000000        9.0072379157505420     
   3.2599999904632568        9.0068723744317243     
   3.2699999809265137        9.0065236794797716     
   3.2799999713897705        9.0061911465893392     
   3.2899999618530273        9.0058741141921619     
   3.2999999523162842        9.0055719429741536     
   3.3099999427795410        9.0052840153873870     
   3.3199999332427979        9.0050097351581027     
   3.3299999237060547        9.0047485267918539     
   3.3399999141693115        9.0044998350767784     
   3.3499999046325684        9.0042631245860232     
   3.3599998950958252        9.0040378791801974     
   3.3699998855590820        9.0038236015107280     
   3.3799998760223389        9.0036198125249296     
   3.3899998664855957        9.0034260509735233     
   3.3999998569488525        9.0032418729213308     
   3.4099998474121094        9.0030668512617744     
   3.4199998378753662        9.0029005752358078     
   3.4299998283386230        9.0027426499558061     
   3.4399998188018799        9.0025926959349842     
   3.4499998092651367        9.0024503486227392     
   3.4600000381469727        9.0023152548094227     
   3.4700000286102295        9.0021870848840031     
   3.4800000190734863        9.0020655130768876     
   3.4900000095367432        9.0019502300697667     
   3.5000000000000000        9.0018409392605516     
   3.5099999904632568        9.0017373563422431     
   3.5199999809265137        9.0016392088900279     
   3.5299999713897705        9.0015462359567646     
   3.5399999618530273        9.0014581876770166     
   3.5499999523162842        9.0013748248797985     
   3.5599999427795410        9.0012959187100936     
   3.5699999332427979        9.0012212502592721     
   3.5799999237060547        9.0011506102044461     
   3.5899999141693115        9.0010837984567971     
   3.5999999046325684        9.0010206238189223     
   3.6099998950958252        9.0009609036511726     
   3.6199998855590820        9.0009044635469717     
   3.6299998760223389        9.0008511370171025     
   3.6399998664855957        9.0008007651828859     
   3.6499998569488525        9.0007531964782128     
   3.6599998474121094        9.0007082863603340     
   3.6699998378753662        9.0006658970293358     
   3.6799998283386230        9.0006258971562030     
   3.6899998188018799        9.0005881616193477     
   3.6999998092651367        9.0005525712495036     
   3.7099997997283936        9.0005190125828545     
   3.7200000286102295        9.0004873768901170     
   3.7300000190734863        9.0004575629164911     
   3.7400000095367432        9.0004294721369060     
   3.7500000000000000        9.0004030116005538     
   3.7599999904632568        9.0003780929463204     
   3.7699999809265137        9.0003546322023098     
   3.7799999713897705        9.0003325495925619     
   3.7899999618530273        9.0003117693507892     
   3.7999999523162842        9.0002922195409791     
   3.8099999427795410        9.0002738318846802     
   3.8199999332427979        9.0002565415948173     
   3.8299999237060547        9.0002402872158367     
   3.8399999141693115        9.0002250104700572     
   3.8499999046325684        9.0002106561100046     
   3.8599998950958252        9.0001971717766018     
   3.8699998855590820        9.0001845078630200     
   3.8799998760223389        9.0001726173840382     
   3.8899998664855957        9.0001614558507228     
   3.8999998569488525        9.0001509811502949     
   3.9099998474121094        9.0001411534309881     
   3.9199998378753662        9.0001319349917601     
   3.9299998283386230        9.0001232901766830     
   3.9399998188018799        9.0001151852738683     
   3.9499998092651367        9.0001075884187678     
   3.9599997997283936        9.0001004695016853     
   3.9700000286102295        9.0000937999255139     
   3.9800000190734863        9.0000875531465052     
   3.9900000095367432        9.0000817036404737     
   4.0000000000000000        9.0000762274717552     
   4.0099997520446777        9.0000711021736066     
   4.0199999809265137        9.0000663060871204     
   4.0299997329711914        9.0000618195796580     
   4.0399999618530273        9.0000576232820126     
   4.0499997138977051        9.0000536997433738     
   4.0599999427795410        9.0000500317687386     
   4.0699996948242188        9.0000466038642877     
   4.0799999237060547        9.0000434007822090     
   4.0899996757507324        9.0000404087817731     
   4.0999999046325684        9.0000376143568737     
   4.1100001335144043        9.0000350052150395     
   4.1199998855590820        9.0000325697666934     
   4.1300001144409180        9.0000302967757904     
   4.1399998664855957        9.0000281761147676     
   4.1500000953674316        9.0000261978584213     
   4.1599998474121094        9.0000243530601693     
   4.1700000762939453        9.0000226329622937     
   4.1799998283386230        9.0000210296702114     
   4.1900000572204590        9.0000195354647641     
   4.1999998092651367        9.0000181433873205     
   4.2100000381469727        9.0000168466414898     
   4.2199997901916504        9.0000156391003348     
   4.2300000190734863        9.0000145147863719     
   4.2399997711181641        9.0000134683108293     
   4.2500000000000000        9.0000124944220996     
   4.2599997520446777        9.0000115883857816     
   4.2699999809265137        9.0000107455929257     
   4.2799997329711914        9.0000099618885319     
   4.2899999618530273        9.0000092332319674     
   4.2999997138977051        9.0000085559806404     
   4.3099999427795410        9.0000079265959201     
   4.3199996948242188        9.0000073418878408     
   4.3299999237060547        9.0000067987606798     
   4.3399996757507324        9.0000062944238355     
   4.3499999046325684        9.0000058261719023     
   4.3600001335144043        9.0000053915462761     
   4.3699998855590820        9.0000049882450153     
   4.3800001144409180        9.0000046140622363     
   4.3899998664855957        9.0000042670097233     
   4.4000000953674316        9.0000039451647496     
   4.4099998474121094        9.0000036467944309     
   4.4200000762939453        9.0000033702245954     
   4.4299998283386230        9.0000031139464838     
   4.4400000572204590        9.0000028765038564     
   4.4499998092651367        9.0000026565844564     
   4.4600000381469727        9.0000024529229172     
   4.4699997901916504        9.0000022643790825     
   4.4800000190734863        9.0000020898545667     
   4.4899997711181641        9.0000019283597688     
   4.5000000000000000        9.0000017789422326     
   4.5099997520446777        9.0000016407439158     
   4.5199999809265137        9.0000015129397433     
   4.5299997329711914        9.0000013947865121     
   4.5399999618530273        9.0000012855702209     
   4.5499997138977051        9.0000011846477967     
   4.5599999427795410        9.0000010914019857     
   4.5699996948242188        9.0000010052769195     
   4.5799999237060547        9.0000009257395277     
   4.5899996757507324        9.0000008523098103     
   4.5999999046325684        9.0000007845278649     
   4.6100001335144043        9.0000007219767610     
   4.6199998855590820        9.0000006642687094     
   4.6300001144409180        9.0000006110358601     
   4.6399998664855957        9.0000005619470933     
   4.6500000953674316        9.0000005166858443     
   4.6599998474121094        9.0000004749672016     
   4.6700000762939453        9.0000004365190076     
   4.6799998283386230        9.0000004010963544     
   4.6900000572204590        9.0000003684654963     
   4.6999998092651367        9.0000003384161271     
   4.7100000381469727        9.0000003107476854     
   4.7199997901916504        9.0000002852797589     
   4.7300000190734863        9.0000002618404373     
   4.7399997711181641        9.0000002402751029     
   4.7500000000000000        9.0000002204365472     
   4.7599997520446777        9.0000002021923908     
   4.7699999809265137        9.0000001854167078     
   4.7799997329711914        9.0000001699962695     
   4.7899999618530273        9.0000001558234572     
   4.7999997138977051        9.0000001428015217     
   4.8099999427795410        9.0000001308385791     
   4.8199996948242188        9.0000001198520465     
   4.8299999237060547        9.0000001097635458     
   4.8399996757507324        9.0000001005026569     
   4.8499999046325684        9.0000000920025940     
   4.8599996566772461        9.0000000842033572     
   4.8699998855590820        9.0000000770480995     
   4.8800001144409180        9.0000000704854539     
   4.8899998664855957        9.0000000644679723     
   4.9000000953674316        9.0000000589510858     
   4.9099998474121094        9.0000000538947695     
   4.9200000762939453        9.0000000492611747     
   4.9299998283386230        9.0000000450163213     
   4.9400000572204590        9.0000000411281018     
   4.9499998092651367        9.0000000375676894     
   4.9600000381469727        9.0000000343078721     
   4.9699997901916504        9.0000000313242250     
   4.9800000190734863        9.0000000285937034     
   4.9899997711181641        9.0000000260956305     
   5.0000000000000000        9.0000000238105162     
