  -5.0000000000000000        17.000004575307653     
  -4.9899997711181641        17.000004969221813     
  -4.9800000190734863        17.000005395729730     
  -4.9699997901916504        17.000005857456028     
  -4.9600000381469727        17.000006357135064     
  -4.9499998092651367        17.000006897801480     
  -4.9400000572204590        17.000007482613633     
  -4.9299998283386230        17.000008115076259     
  -4.9200000762939453        17.000008798833289     
  -4.9099998474121094        17.000009537927742     
  -4.9000000953674316        17.000010336558937     
  -4.8899998664855957        17.000011199385515     
  -4.8800001144409180        17.000012131241210     
  -4.8699998855590820        17.000013137487855     
  -4.8599996566772461        17.000014223736759     
  -4.8499999046325684        17.000015395990562     
  -4.8399996757507324        17.000016660855461     
  -4.8299999237060547        17.000018025167787     
  -4.8199996948242188        17.000019496508848     
  -4.8099999427795410        17.000021082715527     
  -4.7999997138977051        17.000022792477985     
  -4.7899999618530273        17.000024634769424     
  -4.7799997329711914        17.000026619539316     
  -4.7699999809265137        17.000028757049680     
  -4.7599997520446777        17.000031058678282     
  -4.7500000000000000        17.000033536146979     
  -4.7399997711181641        17.000036202451373     
  -4.7300000190734863        17.000039070964657     
  -4.7199997901916504        17.000042156512528     
  -4.7100000381469727        17.000045474333582     
  -4.6999998092651367        17.000049041320967     
  -4.6900000572204590        17.000052874817630     
  -4.6799998283386230        17.000056994049135     
  -4.6700000762939453        17.000061418729061     
  -4.6599998474121094        17.000066170710738     
  -4.6500000953674316        17.000071272374619     
  -4.6399998664855957        17.000076748530464     
  -4.6300001144409180        17.000082624554651     
  -4.6199998855590820        17.000088928578517     
  -4.6100001335144043        17.000095689339215     
  -4.5999999046325684        17.000102938694681     
  -4.5899996757507324        17.000110709530194     
  -4.5799999237060547        17.000119036728201     
  -4.5699996948242188        17.000127958592081     
  -4.5599999427795410        17.000137514121477     
  -4.5499997138977051        17.000147746557396     
  -4.5399999618530273        17.000158699867004     
  -4.5299997329711914        17.000170422803162     
  -4.5199999809265137        17.000182964868710     
  -4.5099997520446777        17.000196380960279     
  -4.5000000000000000        17.000210726740143     
  -4.4899997711181641        17.000226063942833     
  -4.4800000190734863        17.000242455073508     
  -4.4699997901916504        17.000259969465638     
  -4.4600000381469727        17.000278677214670     
  -4.4499998092651367        17.000298656085775     
  -4.4400000572204590        17.000319984580351     
  -4.4299998283386230        17.000342749804773     
  -4.4200000762939453        17.000367039554675     
  -4.4099998474121094        17.000392951268900     
  -4.4000000953674316        17.000420583002644     
  -4.3899998664855957        17.000450043605380     
  -4.3800001144409180        17.000481442438574     
  -4.3699998855590820        17.000514900932497     
  -4.3600001335144043        17.000550540887264     
  -4.3499999046325684        17.000588497581195     
  -4.3399996757507324        17.000628908462915     
  -4.3299999237060547        17.000671918064970     
  -4.3199996948242188        17.000717685038573     
  -4.3099999427795410        17.000766367833513     
  -4.2999997138977051        17.000818142573966     
  -4.2899999618530273        17.000873184843567     
  -4.2799997329711914        17.000931689884048     
  -4.2699999809265137        17.000993851977764     
  -4.2599997520446777        17.001059887245905     
  -4.2500000000000000        17.001130010338706     
  -4.2399997711181641        17.001204460139370     
  -4.2300000190734863        17.001283473441170     
  -4.2199997901916504        17.001367313895241     
  -4.2100000381469727        17.001456242319957     
  -4.1999998092651367        17.001550549265549     
  -4.1900000572204590        17.001650521564404     
  -4.1799998283386230        17.001756478923244     
  -4.1700000762939453        17.001868736283033     
  -4.1599998474121094        17.001987644890438     
  -4.1500000953674316        17.002113549992767     
  -4.1399998664855957        17.002246836884716     
  -4.1300001144409180        17.002387883416986     
  -4.1199998855590820        17.002537111562059     
  -4.1100001335144043        17.002694934164776     
  -4.0999999046325684        17.002861812622285     
  -4.0899996757507324        17.003038205895937     
  -4.0799999237060547        17.003224591728888     
  -4.0699996948242188        17.003421496045910     
  -4.0599999427795410        17.003629430179195     
  -4.0499997138977051        17.003848966809972     
  -4.0399999618530273        17.004080661243218     
  -4.0299997329711914        17.004325136007935     
  -4.0199999809265137        17.004582993070169     
  -4.0099997520446777        17.004854907967839     
  -4.0000000000000000        17.005141532040248     
  -3.9900000095367432        17.005443589656089     
  -3.9800000190734863        17.005761806416238     
  -3.9700000286102295        17.006096943174839     
  -3.9599997997283936        17.006449798754414     
  -3.9499998092651367        17.006821176613254     
  -3.9399998188018799        17.007211936020902     
  -3.9299998283386230        17.007622959573666     
  -3.9199998378753662        17.008055162103179     
  -3.9099998474121094        17.008509491373747     
  -3.8999998569488525        17.008986928764205     
  -3.8899998664855957        17.009488489931723     
  -3.8799998760223389        17.010015225454840     
  -3.8699998855590820        17.010568221452850     
  -3.8599998950958252        17.011148600178601     
  -3.8499999046325684        17.011757520581472     
  -3.8399999141693115        17.012396178837371     
  -3.8299999237060547        17.013065808842217     
  -3.8199999332427979        17.013767682665428     
  -3.8099999427795410        17.014503110959641     
  -3.7999999523162842        17.015273443322865     
  -3.7899999618530273        17.016080068609043     
  -3.7799999713897705        17.016924415182874     
  -3.7699999809265137        17.017807951114669     
  -3.7599999904632568        17.018732184310785     
  -3.7500000000000000        17.019698662575131     
  -3.7400000095367432        17.020708973597028     
  -3.7300000190734863        17.021764744860690     
  -3.7200000286102295        17.022867643471358     
  -3.7099997997283936        17.024019403948486     
  -3.6999998092651367        17.025221716875354     
  -3.6899998188018799        17.026476393139077     
  -3.6799998283386230        17.027785254746377     
  -3.6699998378753662        17.029150161026063     
  -3.6599998474121094        17.030573007846073     
  -3.6499998569488525        17.032055726710016     
  -3.6399998664855957        17.033600283727615     
  -3.6299998760223389        17.035208678453419     
  -3.6199998855590820        17.036882942588090     
  -3.6099998950958252        17.038625138536680     
  -3.5999999046325684        17.040437357818167     
  -3.5899999141693115        17.042321719320597     
  -3.5799999237060547        17.044280367396340     
  -3.5699999332427979        17.046315469791786     
  -3.5599999427795410        17.048429215406124     
  -3.5499999523162842        17.050623811873784     
  -3.5399999618530273        17.052901482965357     
  -3.5299999713897705        17.055264465801820     
  -3.5199999809265137        17.057715007877224     
  -3.5099999904632568        17.060255363885052     
  -3.5000000000000000        17.062887792343762     
  -3.4900000095367432        17.065614552017212     
  -3.4800000190734863        17.068437898126017     
  -3.4700000286102295        17.071360078346100     
  -3.4600000381469727        17.074383328591079     
  -3.4499998092651367        17.077509944366973     
  -3.4399998188018799        17.080741975488881     
  -3.4299998283386230        17.084081668375514     
  -3.4199998378753662        17.087531165294628     
  -3.4099998474121094        17.091092572330417     
  -3.3999998569488525        17.094767953820732     
  -3.3899998664855957        17.098559326566452     
  -3.3799998760223389        17.102468653813499     
  -3.3699998855590820        17.106497839008462     
  -3.3599998950958252        17.110648719329632     
  -3.3499999046325684        17.114923058995785     
  -3.3399999141693115        17.119322542355867     
  -3.3299999237060547        17.123848766763494     
  -3.3199999332427979        17.128503235240924     
  -3.3099999427795410        17.133287348938037     
  -3.2999999523162842        17.138202399392707     
  -3.2899999618530273        17.143249560599838     
  -3.2799999713897705        17.148429880897229     
  -3.2699999809265137        17.153744274677500     
  -3.2599999904632568        17.159193513936099     
  -3.2500000000000000        17.164778219666633     
  -3.2400000095367432        17.170498853115635     
  -3.2300000190734863        17.176355706910019     
  -3.2200000286102295        17.182348896071552     
  -3.2100000381469727        17.188478348933703     
  -3.1999998092651367        17.194743948975411     
  -3.1899998188018799        17.201144924825321     
  -3.1799998283386230        17.207680737286974     
  -3.1699998378753662        17.214350475753864     
  -3.1599998474121094        17.221152996669243     
  -3.1499998569488525        17.228086914244098     
  -3.1399998664855957        17.235150591217174     
  -3.1299998760223389        17.242342129681493     
  -3.1199998855590820        17.249659362003122     
  -3.1099998950958252        17.257099841858889     
  -3.0999999046325684        17.264660835420969     
  -3.0899999141693115        17.272339312717342     
  -3.0799999237060547        17.280131939198057     
  -3.0699999332427979        17.288035067538388     
  -3.0599999427795410        17.296044729710857     
  -3.0499999523162842        17.304156629359071     
  -3.0399999618530273        17.312366134507197     
  -3.0299999713897705        17.320668270639693     
  -3.0199999809265137        17.329057714186753     
  -3.0099999904632568        17.337528786451561     
  -3.0000000000000000        17.346075448016098     
  -2.9900000095367432        17.354691293662839     
  -2.9800000190734863        17.363369547850045     
  -2.9700000286102295        17.372103060778873     
  -2.9600000381469727        17.380884305090685     
  -2.9500000476837158        17.389705373233181     
  -2.9399998188018799        17.398558186904484     
  -2.9299998283386230        17.407433650829777     
  -2.9199998378753662        17.416322919052075     
  -2.9099998474121094        17.425216551625439     
  -2.8999998569488525        17.434104726623353     
  -2.8899998664855957        17.442977242324517     
  -2.8799998760223389        17.451823520333004     
  -2.8699998855590820        17.460632609668529     
  -2.8599998950958252        17.469393191861517     
  -2.8499999046325684        17.478093587086555     
  -2.8399999141693115        17.486721761366486     
  -2.8299999237060547        17.495265334877946     
  -2.8199999332427979        17.503711591387535     
  -2.8099999427795410        17.512047488845955     
  -2.7999999523162842        17.520259671165551     
  -2.7899999618530273        17.528334481204507     
  -2.7799999713897705        17.536257974978636     
  -2.7699999809265137        17.544015937119205     
  -2.7599999904632568        17.551593897592621     
  -2.7500000000000000        17.558977149694851     
  -2.7400000095367432        17.566150769330577     
  -2.7300000190734863        17.573099635583795     
  -2.7200000286102295        17.579808452583254     
  -2.7100000381469727        17.586261772662571     
  -2.7000000476837158        17.592444020811264     
  -2.6900000572204590        17.598339520408992     
  -2.6799998283386230        17.603932649847337     
  -2.6699998378753662        17.609207344550192     
  -2.6599998474121094        17.614147927121863     
  -2.6499998569488525        17.618738597014463     
  -2.6399998664855957        17.622963599435042     
  -2.6299998760223389        17.626807258384943     
  -2.6199998855590820        17.630254010809370     
  -2.6099998950958252        17.633288441813892     
  -2.5999999046325684        17.635895320899788     
  -2.5899999141693115        17.638059639165075     
  -2.5799999237060547        17.639766647413129     
  -2.5699999332427979        17.641001895105674     
  -2.5599999427795410        17.641751270091842     
  -2.5499999523162842        17.642001039039940     
  -2.5399999618530273        17.641737888493502     
  -2.5299999713897705        17.640948966468105     
  -2.5199999809265137        17.639621924500492     
  -2.5099999904632568        17.637744960056548     
  -2.5000000000000000        17.635306859199961     
  -2.4900000095367432        17.632297039418535     
  -2.4800000190734863        17.628705592500598     
  -2.4700000286102295        17.624523327349504     
  -2.4600000381469727        17.619741812619935     
  -2.4500000476837158        17.614353419055604     
  -2.4400000572204590        17.608351361404164     
  -2.4299998283386230        17.601729574482135     
  -2.4199998378753662        17.594483400112544     
  -2.4099998474121094        17.586608679937136     
  -2.3999998569488525        17.578102410892701     
  -2.3899998664855957        17.568962632566443     
  -2.3799998760223389        17.559188463781595     
  -2.3699998855590820        17.548780137805302     
  -2.3599998950958252        17.537739036034068     
  -2.3499999046325684        17.526067720011245     
  -2.3399999141693115        17.513769961630462     
  -2.3299999237060547        17.500850771378889     
  -2.3199999332427979        17.487316424474734     
  -2.3099999427795410        17.473174484754207     
  -2.2999999523162842        17.458433826164679     
  -2.2899999618530273        17.443104651722685     
  -2.2799999713897705        17.427198509797904     
  -2.2699999809265137        17.410728307587309     
  -2.2599999904632568        17.393708321647168     
  -2.2500000000000000        17.376154205354872     
  -2.2400000095367432        17.358082993177089     
  -2.2300000190734863        17.339513101626221     
  -2.2200000286102295        17.320464326792827     
  -2.2100000381469727        17.300957838348310     
  -2.2000000476837158        17.281016169918985     
  -2.1900000572204590        17.260663205740464     
  -2.1800000667572021        17.239924163509272     
  -2.1699998378753662        17.218825066259697     
  -2.1599998474121094        17.197394738220126     
  -2.1499998569488525        17.175661756672131     
  -2.1399998664855957        17.153656423245817     
  -2.1299998760223389        17.131410227985487     
  -2.1199998855590820        17.108955808168929     
  -2.1099998950958252        17.086326903017536     
  -2.0999999046325684        17.063558304298763     
  -2.0899999141693115        17.040685802835103     
  -2.0799999237060547        17.017746130946783     
  -2.0699999332427979        16.994776900868850     
  -2.0599999427795410        16.971816539196919     
  -2.0499999523162842        16.948904217430020     
  -2.0399999618530273        16.926079778692987     
  -2.0299999713897705        16.903383660735479     
  -2.0199999809265137        16.880856815319099     
  -2.0099999904632568        16.858540624118930     
  -2.0000000000000000        16.836476811280320     
  -1.9900000095367432        16.814707352786705     
  -1.9799998998641968        16.793274129480920     
  -1.9699999094009399        16.772219848657663     
  -1.9599999189376831        16.751586411182242     
  -1.9499999284744263        16.731415836553097     
  -1.9399999380111694        16.711749901577889     
  -1.9299999475479126        16.692630034687777     
  -1.9199999570846558        16.674097208553562     
  -1.9099999666213989        16.656191831270597     
  -1.8999999761581421        16.638953636391690     
  -1.8899999856948853        16.622421572098865     
  -1.8799999952316284        16.606633689815759     
  -1.8700000047683716        16.591627032572944     
  -1.8600000143051147        16.577437523447845     
  -1.8499999046325684        16.564099700623593     
  -1.8399999141693115        16.551647232867925     
  -1.8299999237060547        16.540111855628382     
  -1.8199999332427979        16.529523909769750     
  -1.8099999427795410        16.519912071346159     
  -1.7999999523162842        16.511303247672647     
  -1.7899999618530273        16.503722475916735     
  -1.7799999713897705        16.497192824574647     
  -1.7699999809265137        16.491735298197224     
  -1.7599999904632568        16.487368745729839     
  -1.7500000000000000        16.484109772828347     
  -1.7400000095367432        16.481972658509896     
  -1.7300000190734863        16.480969276492498     
  -1.7199999094009399        16.481109030080720     
  -1.7099999189376831        16.482398763621148     
  -1.6999999284744263        16.484842709837626     
  -1.6899999380111694        16.488442440402892     
  -1.6799999475479126        16.493196810607746     
  -1.6699999570846558        16.499101915831030     
  -1.6599999666213989        16.506151054929301     
  -1.6499999761581421        16.514334700813066     
  -1.6399999856948853        16.523640478459477     
  -1.6299999952316284        16.534053150593067     
  -1.6200000047683716        16.545554611246548     
  -1.6100000143051147        16.558123887392828     
  -1.5999999046325684        16.571737317219831     
  -1.5899999141693115        16.586367906736847     
  -1.5799999237060547        16.601986330716507     
  -1.5699999332427979        16.618560331031862     
  -1.5599999427795410        16.636054916814022     
  -1.5499999523162842        16.654432417217812     
  -1.5399999618530273        16.673652542921271     
  -1.5299999713897705        16.693672456345894     
  -1.5199999809265137        16.714446850555138     
  -1.5099999904632568        16.735928036759066     
  -1.5000000000000000        16.758066040322788     
  -1.4900000095367432        16.780808705145720     
  -1.4800000190734863        16.804101806248116     
  -1.4699999094009399        16.827889456655299     
  -1.4599999189376831        16.852113095491877     
  -1.4499999284744263        16.876713326344056     
  -1.4399999380111694        16.901628931249761     
  -1.4299999475479126        16.926797301522548     
  -1.4199999570846558        16.952154594420694     
  -1.4099999666213989        16.977635896020644     
  -1.3999999761581421        17.003175389890473     
  -1.3899999856948853        17.028706531131252     
  -1.3799999952316284        17.054162225327687     
  -1.3700000047683716        17.079475011923602     
  -1.3600000143051147        17.104577251513700     
  -1.3500000238418579        17.129401316519669     
  -1.3399999141693115        17.153880074176897     
  -1.3299999237060547        17.177945919064605     
  -1.3199999332427979        17.201532722574090     
  -1.3099999427795410        17.224574859114423     
  -1.2999999523162842        17.247007699032224     
  -1.2899999618530273        17.268767807328260     
  -1.2799999713897705        17.289793141523525     
  -1.2699999809265137        17.310023248018801     
  -1.2599999904632568        17.329399456285174     
  -1.2500000000000000        17.347865070218742     
  -1.2400000095367432        17.365365555990838     
  -1.2300000190734863        17.381848725725554     
  -1.2200000286102295        17.397264916339264     
  -1.2099999189376831        17.411567326560469     
  -1.1999999284744263        17.424711515352023     
  -1.1899999380111694        17.436656586077714     
  -1.1799999475479126        17.447364643580936     
  -1.1699999570846558        17.456801116355987     
  -1.1599999666213989        17.464934892863553     
  -1.1499999761581421        17.471738448641599     
  -1.1399999856948853        17.477187963659365     
  -1.1299999952316284        17.481263429387589     
  -1.1200000047683716        17.483948745085478     
  -1.1100000143051147        17.485231802835088     
  -1.1000000238418579        17.485104560885706     
  -1.0900000333786011        17.483563104905226     
  -1.0799999237060547        17.480607653126121     
  -1.0699999332427979        17.476242750172201     
  -1.0599999427795410        17.470477078517092     
  -1.0499999523162842        17.463323592185311     
  -1.0399999618530273        17.454799486019724     
  -1.0299999713897705        17.444926178071473     
  -1.0199999809265137        17.433729278191496     
  -1.0099999904632568        17.421238542757994     
  -1.0000000000000000        17.407487815522323     
 -0.98999994993209839        17.392514861798198     
 -0.97999995946884155        17.376361646010430     
 -0.96999996900558472        17.359073695436216     
 -0.95999997854232788        17.340700336306021     
 -0.94999998807907104        17.321294481062701     
 -0.93999999761581421        17.300912488316843     
 -0.93000000715255737        17.279614010186208     
 -0.91999995708465576        17.257461692946375     
 -0.90999996662139893        17.234521533640358     
 -0.89999997615814209        17.210861899227229     
 -0.88999998569488525        17.186553851239559     
 -0.87999999523162842        17.161670807132200     
 -0.87000000476837158        17.136288321553465     
 -0.85999995470046997        17.110483703725475     
 -0.84999996423721313        17.084336399267571     
 -0.83999997377395630        17.057926823081473     
 -0.82999998331069946        17.031336722243502     
 -0.81999999284744263        17.004648767013851     
 -0.81000000238418579        16.977946289300640     
 -0.79999995231628418        16.951312858433425     
 -0.78999996185302734        16.924832646532401     
 -0.77999997138977051        16.898589203453771     
 -0.76999998092651367        16.872665819336614     
 -0.75999999046325684        16.847145091453601     
 -0.75000000000000000        16.822108650369113     
 -0.74000000953674316        16.797636887325201     
 -0.72999995946884155        16.773808543861907     
 -0.71999996900558472        16.750701008887614     
 -0.70999997854232788        16.728389202666921     
 -0.69999998807907104        16.706945891220702     
 -0.68999999761581421        16.686441290229691     
 -0.68000000715255737        16.666942819908606     
 -0.66999995708465576        16.648514761218074     
 -0.65999996662139893        16.631218460384648     
 -0.64999997615814209        16.615111450444928     
 -0.63999998569488525        16.600247689023011     
 -0.62999999523162842        16.586677248126957     
 -0.62000000476837158        16.574446129102725     
 -0.61000001430511475        16.563596090394377     
 -0.59999996423721313        16.554164436888446     
 -0.58999997377395630        16.546184091769153     
 -0.57999998331069946        16.539683129124136     
 -0.56999999284744263        16.534684893044190     
 -0.56000000238418579        16.531207838515499     
 -0.55000001192092896        16.529265449083780     
 -0.53999996185302734        16.528866173436576     
 -0.52999997138977051        16.530013377090697     
 -0.51999998092651367        16.532705296772381     
 -0.50999999046325684        16.536935045390926     
 -0.50000000000000000        16.542690608943801     
 -0.48999997973442078        16.549954892048980     
 -0.47999998927116394        16.558705666277181     
 -0.46999999880790710        16.568915757342189     
 -0.45999997854232788        16.580553074544600     
 -0.44999998807907104        16.593580579482428     
 -0.43999999761581421        16.607956603847594     
 -0.42999997735023499        16.623634889917074     
 -0.41999998688697815        16.640564575339681     
 -0.40999999642372131        16.658690632870261     
 -0.39999997615814209        16.677953921019007     
 -0.38999998569488525        16.698291185672126     
 -0.37999999523162842        16.719635609173640     
 -0.37000000476837158        16.741916802012064     
 -0.35999998450279236        16.765061159972458     
 -0.34999999403953552        16.788991829139665     
 -0.34000000357627869        16.813629375089665     
 -0.32999998331069946        16.838891851032791     
 -0.31999999284744263        16.864694837765612     
 -0.31000000238418579        16.890952179792556     
 -0.29999998211860657        16.917576057307816     
 -0.28999999165534973        16.944477040546637     
 -0.28000000119209290        16.971564870390726     
 -0.26999998092651367        16.998748531554568     
 -0.25999999046325684        17.025936319244007     
 -0.25000000000000000        17.053036640213577     
 -0.23999999463558197        17.079958044420916     
 -0.22999998927116394        17.106609501092951     
 -0.21999999880790710        17.132900796009416     
 -0.20999999344348907        17.158742959899712     
 -0.19999998807907104        17.184048342533149     
 -0.18999999761581421        17.208731038747896     
 -0.17999999225139618        17.232707294531931     
 -0.17000000178813934        17.255895544904313     
 -0.15999999642372131        17.278216984107640     
 -0.14999999105930328        17.299595597004327     
 -0.14000000059604645        17.319958535408201     
 -0.12999999523162842        17.339236458369342     
 -0.11999999731779099        17.357363580741474     
 -0.10999999940395355        17.374278068439235     
  -9.9999994039535522E-002   17.389922193450477     
  -8.9999996125698090E-002   17.404242506356525     
  -7.9999998211860657E-002   17.417190094699617     
  -7.0000000298023224E-002   17.428720707984539     
  -5.9999998658895493E-002   17.438794929515939     
  -4.9999997019767761E-002   17.447378304090652     
  -3.9999999105930328E-002   17.454441470048721     
  -2.9999999329447746E-002   17.459960267585846     
  -1.9999999552965164E-002   17.463915811646235     
  -9.9999997764825821E-003   17.466294566014934     
   0.0000000000000000        17.467088389754732     
   9.9999997764825821E-003   17.466294566014934     
   1.9999999552965164E-002   17.463915811646235     
   2.9999999329447746E-002   17.459960267585846     
   3.9999999105930328E-002   17.454441470048721     
   4.9999997019767761E-002   17.447378304090652     
   5.9999998658895493E-002   17.438794929515939     
   7.0000000298023224E-002   17.428720707984539     
   7.9999998211860657E-002   17.417190094699617     
   8.9999996125698090E-002   17.404242506356525     
   9.9999994039535522E-002   17.389922193450477     
  0.10999999940395355        17.374278068439235     
  0.11999999731779099        17.357363580741474     
  0.12999999523162842        17.339236458369342     
  0.14000000059604645        17.319958535408201     
  0.14999999105930328        17.299595597004327     
  0.15999999642372131        17.278216984107640     
  0.17000000178813934        17.255895544904313     
  0.17999999225139618        17.232707294531931     
  0.18999999761581421        17.208731038747896     
  0.19999998807907104        17.184048342533149     
  0.20999999344348907        17.158742959899712     
  0.21999999880790710        17.132900796009416     
  0.22999998927116394        17.106609501092951     
  0.23999999463558197        17.079958044420916     
  0.25000000000000000        17.053036640213577     
  0.25999999046325684        17.025936319244007     
  0.26999998092651367        16.998748531554568     
  0.28000000119209290        16.971564870390726     
  0.28999999165534973        16.944477040546637     
  0.29999998211860657        16.917576057307816     
  0.31000000238418579        16.890952179792556     
  0.31999999284744263        16.864694837765612     
  0.32999998331069946        16.838891851032791     
  0.34000000357627869        16.813629375089665     
  0.34999999403953552        16.788991829139665     
  0.35999998450279236        16.765061159972458     
  0.37000000476837158        16.741916802012064     
  0.37999999523162842        16.719635609173640     
  0.38999998569488525        16.698291185672126     
  0.39999997615814209        16.677953921019007     
  0.40999999642372131        16.658690632870261     
  0.41999998688697815        16.640564575339681     
  0.42999997735023499        16.623634889917074     
  0.43999999761581421        16.607956603847594     
  0.44999998807907104        16.593580579482428     
  0.45999997854232788        16.580553074544600     
  0.46999999880790710        16.568915757342189     
  0.47999998927116394        16.558705666277181     
  0.48999997973442078        16.549954892048980     
  0.50000000000000000        16.542690608943801     
  0.50999999046325684        16.536935045390926     
  0.51999998092651367        16.532705296772381     
  0.52999997138977051        16.530013377090697     
  0.53999996185302734        16.528866173436576     
  0.55000001192092896        16.529265449083780     
  0.56000000238418579        16.531207838515499     
  0.56999999284744263        16.534684893044190     
  0.57999998331069946        16.539683129124136     
  0.58999997377395630        16.546184091769153     
  0.59999996423721313        16.554164436888446     
  0.61000001430511475        16.563596090394377     
  0.62000000476837158        16.574446129102725     
  0.62999999523162842        16.586677248126957     
  0.63999998569488525        16.600247689023011     
  0.64999997615814209        16.615111450444928     
  0.65999996662139893        16.631218460384648     
  0.66999995708465576        16.648514761218074     
  0.68000000715255737        16.666942819908606     
  0.68999999761581421        16.686441290229691     
  0.69999998807907104        16.706945891220702     
  0.70999997854232788        16.728389202666921     
  0.71999996900558472        16.750701008887614     
  0.72999995946884155        16.773808543861907     
  0.74000000953674316        16.797636887325201     
  0.75000000000000000        16.822108650369113     
  0.75999999046325684        16.847145091453601     
  0.76999998092651367        16.872665819336614     
  0.77999997138977051        16.898589203453771     
  0.78999996185302734        16.924832646532401     
  0.79999995231628418        16.951312858433425     
  0.81000000238418579        16.977946289300640     
  0.81999999284744263        17.004648767013851     
  0.82999998331069946        17.031336722243502     
  0.83999997377395630        17.057926823081473     
  0.84999996423721313        17.084336399267571     
  0.85999995470046997        17.110483703725475     
  0.87000000476837158        17.136288321553465     
  0.87999999523162842        17.161670807132200     
  0.88999998569488525        17.186553851239559     
  0.89999997615814209        17.210861899227229     
  0.90999996662139893        17.234521533640358     
  0.91999995708465576        17.257461692946375     
  0.93000000715255737        17.279614010186208     
  0.93999999761581421        17.300912488316843     
  0.94999998807907104        17.321294481062701     
  0.95999997854232788        17.340700336306021     
  0.96999996900558472        17.359073695436216     
  0.97999995946884155        17.376361646010430     
  0.98999994993209839        17.392514861798198     
   1.0000000000000000        17.407487815522323     
   1.0099999904632568        17.421238542757994     
   1.0199999809265137        17.433729278191496     
   1.0299999713897705        17.444926178071473     
   1.0399999618530273        17.454799486019724     
   1.0499999523162842        17.463323592185311     
   1.0599999427795410        17.470477078517092     
   1.0699999332427979        17.476242750172201     
   1.0799999237060547        17.480607653126121     
   1.0900000333786011        17.483563104905226     
   1.1000000238418579        17.485104560885706     
   1.1100000143051147        17.485231802835088     
   1.1200000047683716        17.483948745085478     
   1.1299999952316284        17.481263429387589     
   1.1399999856948853        17.477187963659365     
   1.1499999761581421        17.471738448641599     
   1.1599999666213989        17.464934892863553     
   1.1699999570846558        17.456801116355987     
   1.1799999475479126        17.447364643580936     
   1.1899999380111694        17.436656586077714     
   1.1999999284744263        17.424711515352023     
   1.2099999189376831        17.411567326560469     
   1.2200000286102295        17.397264916339264     
   1.2300000190734863        17.381848725725554     
   1.2400000095367432        17.365365555990838     
   1.2500000000000000        17.347865070218742     
   1.2599999904632568        17.329399456285174     
   1.2699999809265137        17.310023248018801     
   1.2799999713897705        17.289793141523525     
   1.2899999618530273        17.268767807328260     
   1.2999999523162842        17.247007699032224     
   1.3099999427795410        17.224574859114423     
   1.3199999332427979        17.201532722574090     
   1.3299999237060547        17.177945919064605     
   1.3399999141693115        17.153880074176897     
   1.3500000238418579        17.129401316519669     
   1.3600000143051147        17.104577251513700     
   1.3700000047683716        17.079475011923602     
   1.3799999952316284        17.054162225327687     
   1.3899999856948853        17.028706531131252     
   1.3999999761581421        17.003175389890473     
   1.4099999666213989        16.977635896020644     
   1.4199999570846558        16.952154594420694     
   1.4299999475479126        16.926797301522548     
   1.4399999380111694        16.901628931249761     
   1.4499999284744263        16.876713326344056     
   1.4599999189376831        16.852113095491877     
   1.4699999094009399        16.827889456655299     
   1.4800000190734863        16.804101806248116     
   1.4900000095367432        16.780808705145720     
   1.5000000000000000        16.758066040322788     
   1.5099999904632568        16.735928036759066     
   1.5199999809265137        16.714446850555138     
   1.5299999713897705        16.693672456345894     
   1.5399999618530273        16.673652542921271     
   1.5499999523162842        16.654432417217812     
   1.5599999427795410        16.636054916814022     
   1.5699999332427979        16.618560331031862     
   1.5799999237060547        16.601986330716507     
   1.5899999141693115        16.586367906736847     
   1.5999999046325684        16.571737317219831     
   1.6100000143051147        16.558123887392828     
   1.6200000047683716        16.545554611246548     
   1.6299999952316284        16.534053150593067     
   1.6399999856948853        16.523640478459477     
   1.6499999761581421        16.514334700813066     
   1.6599999666213989        16.506151054929301     
   1.6699999570846558        16.499101915831030     
   1.6799999475479126        16.493196810607746     
   1.6899999380111694        16.488442440402892     
   1.6999999284744263        16.484842709837626     
   1.7099999189376831        16.482398763621148     
   1.7199999094009399        16.481109030080720     
   1.7300000190734863        16.480969276492498     
   1.7400000095367432        16.481972658509896     
   1.7500000000000000        16.484109772828347     
   1.7599999904632568        16.487368745729839     
   1.7699999809265137        16.491735298197224     
   1.7799999713897705        16.497192824574647     
   1.7899999618530273        16.503722475916735     
   1.7999999523162842        16.511303247672647     
   1.8099999427795410        16.519912071346159     
   1.8199999332427979        16.529523909769750     
   1.8299999237060547        16.540111855628382     
   1.8399999141693115        16.551647232867925     
   1.8499999046325684        16.564099700623593     
   1.8600000143051147        16.577437523447845     
   1.8700000047683716        16.591627032572944     
   1.8799999952316284        16.606633689815759     
   1.8899999856948853        16.622421572098865     
   1.8999999761581421        16.638953636391690     
   1.9099999666213989        16.656191831270597     
   1.9199999570846558        16.674097208553562     
   1.9299999475479126        16.692630034687777     
   1.9399999380111694        16.711749901577889     
   1.9499999284744263        16.731415836553097     
   1.9599999189376831        16.751586411182242     
   1.9699999094009399        16.772219848657663     
   1.9799998998641968        16.793274129480920     
   1.9900000095367432        16.814707352786705     
   2.0000000000000000        16.836476811280320     
   2.0099999904632568        16.858540624118930     
   2.0199999809265137        16.880856815319099     
   2.0299999713897705        16.903383660735479     
   2.0399999618530273        16.926079778692987     
   2.0499999523162842        16.948904217430020     
   2.0599999427795410        16.971816539196919     
   2.0699999332427979        16.994776900868850     
   2.0799999237060547        17.017746130946783     
   2.0899999141693115        17.040685802835103     
   2.0999999046325684        17.063558304298763     
   2.1099998950958252        17.086326903017536     
   2.1199998855590820        17.108955808168929     
   2.1299998760223389        17.131410227985487     
   2.1399998664855957        17.153656423245817     
   2.1499998569488525        17.175661756672131     
   2.1599998474121094        17.197394738220126     
   2.1699998378753662        17.218825066259697     
   2.1800000667572021        17.239924163509272     
   2.1900000572204590        17.260663205740464     
   2.2000000476837158        17.281016169918985     
   2.2100000381469727        17.300957838348310     
   2.2200000286102295        17.320464326792827     
   2.2300000190734863        17.339513101626221     
   2.2400000095367432        17.358082993177089     
   2.2500000000000000        17.376154205354872     
   2.2599999904632568        17.393708321647168     
   2.2699999809265137        17.410728307587309     
   2.2799999713897705        17.427198509797904     
   2.2899999618530273        17.443104651722685     
   2.2999999523162842        17.458433826164679     
   2.3099999427795410        17.473174484754207     
   2.3199999332427979        17.487316424474734     
   2.3299999237060547        17.500850771378889     
   2.3399999141693115        17.513769961630462     
   2.3499999046325684        17.526067720011245     
   2.3599998950958252        17.537739036034068     
   2.3699998855590820        17.548780137805302     
   2.3799998760223389        17.559188463781595     
   2.3899998664855957        17.568962632566443     
   2.3999998569488525        17.578102410892701     
   2.4099998474121094        17.586608679937136     
   2.4199998378753662        17.594483400112544     
   2.4299998283386230        17.601729574482135     
   2.4400000572204590        17.608351361404164     
   2.4500000476837158        17.614353419055604     
   2.4600000381469727        17.619741812619935     
   2.4700000286102295        17.624523327349504     
   2.4800000190734863        17.628705592500598     
   2.4900000095367432        17.632297039418535     
   2.5000000000000000        17.635306859199961     
   2.5099999904632568        17.637744960056548     
   2.5199999809265137        17.639621924500492     
   2.5299999713897705        17.640948966468105     
   2.5399999618530273        17.641737888493502     
   2.5499999523162842        17.642001039039940     
   2.5599999427795410        17.641751270091842     
   2.5699999332427979        17.641001895105674     
   2.5799999237060547        17.639766647413129     
   2.5899999141693115        17.638059639165075     
   2.5999999046325684        17.635895320899788     
   2.6099998950958252        17.633288441813892     
   2.6199998855590820        17.630254010809370     
   2.6299998760223389        17.626807258384943     
   2.6399998664855957        17.622963599435042     
   2.6499998569488525        17.618738597014463     
   2.6599998474121094        17.614147927121863     
   2.6699998378753662        17.609207344550192     
   2.6799998283386230        17.603932649847337     
   2.6900000572204590        17.598339520408992     
   2.7000000476837158        17.592444020811264     
   2.7100000381469727        17.586261772662571     
   2.7200000286102295        17.579808452583254     
   2.7300000190734863        17.573099635583795     
   2.7400000095367432        17.566150769330577     
   2.7500000000000000        17.558977149694851     
   2.7599999904632568        17.551593897592621     
   2.7699999809265137        17.544015937119205     
   2.7799999713897705        17.536257974978636     
   2.7899999618530273        17.528334481204507     
   2.7999999523162842        17.520259671165551     
   2.8099999427795410        17.512047488845955     
   2.8199999332427979        17.503711591387535     
   2.8299999237060547        17.495265334877946     
   2.8399999141693115        17.486721761366486     
   2.8499999046325684        17.478093587086555     
   2.8599998950958252        17.469393191861517     
   2.8699998855590820        17.460632609668529     
   2.8799998760223389        17.451823520333004     
   2.8899998664855957        17.442977242324517     
   2.8999998569488525        17.434104726623353     
   2.9099998474121094        17.425216551625439     
   2.9199998378753662        17.416322919052075     
   2.9299998283386230        17.407433650829777     
   2.9399998188018799        17.398558186904484     
   2.9500000476837158        17.389705373233181     
   2.9600000381469727        17.380884305090685     
   2.9700000286102295        17.372103060778873     
   2.9800000190734863        17.363369547850045     
   2.9900000095367432        17.354691293662839     
   3.0000000000000000        17.346075448016098     
   3.0099999904632568        17.337528786451561     
   3.0199999809265137        17.329057714186753     
   3.0299999713897705        17.320668270639693     
   3.0399999618530273        17.312366134507197     
   3.0499999523162842        17.304156629359071     
   3.0599999427795410        17.296044729710857     
   3.0699999332427979        17.288035067538388     
   3.0799999237060547        17.280131939198057     
   3.0899999141693115        17.272339312717342     
   3.0999999046325684        17.264660835420969     
   3.1099998950958252        17.257099841858889     
   3.1199998855590820        17.249659362003122     
   3.1299998760223389        17.242342129681493     
   3.1399998664855957        17.235150591217174     
   3.1499998569488525        17.228086914244098     
   3.1599998474121094        17.221152996669243     
   3.1699998378753662        17.214350475753864     
   3.1799998283386230        17.207680737286974     
   3.1899998188018799        17.201144924825321     
   3.1999998092651367        17.194743948975411     
   3.2100000381469727        17.188478348933703     
   3.2200000286102295        17.182348896071552     
   3.2300000190734863        17.176355706910019     
   3.2400000095367432        17.170498853115635     
   3.2500000000000000        17.164778219666633     
   3.2599999904632568        17.159193513936099     
   3.2699999809265137        17.153744274677500     
   3.2799999713897705        17.148429880897229     
   3.2899999618530273        17.143249560599838     
   3.2999999523162842        17.138202399392707     
   3.3099999427795410        17.133287348938037     
   3.3199999332427979        17.128503235240924     
   3.3299999237060547        17.123848766763494     
   3.3399999141693115        17.119322542355867     
   3.3499999046325684        17.114923058995785     
   3.3599998950958252        17.110648719329632     
   3.3699998855590820        17.106497839008462     
   3.3799998760223389        17.102468653813499     
   3.3899998664855957        17.098559326566452     
   3.3999998569488525        17.094767953820732     
   3.4099998474121094        17.091092572330417     
   3.4199998378753662        17.087531165294628     
   3.4299998283386230        17.084081668375514     
   3.4399998188018799        17.080741975488881     
   3.4499998092651367        17.077509944366973     
   3.4600000381469727        17.074383328591079     
   3.4700000286102295        17.071360078346100     
   3.4800000190734863        17.068437898126017     
   3.4900000095367432        17.065614552017212     
   3.5000000000000000        17.062887792343762     
   3.5099999904632568        17.060255363885052     
   3.5199999809265137        17.057715007877224     
   3.5299999713897705        17.055264465801820     
   3.5399999618530273        17.052901482965357     
   3.5499999523162842        17.050623811873784     
   3.5599999427795410        17.048429215406124     
   3.5699999332427979        17.046315469791786     
   3.5799999237060547        17.044280367396340     
   3.5899999141693115        17.042321719320597     
   3.5999999046325684        17.040437357818167     
   3.6099998950958252        17.038625138536680     
   3.6199998855590820        17.036882942588090     
   3.6299998760223389        17.035208678453419     
   3.6399998664855957        17.033600283727615     
   3.6499998569488525        17.032055726710016     
   3.6599998474121094        17.030573007846073     
   3.6699998378753662        17.029150161026063     
   3.6799998283386230        17.027785254746377     
   3.6899998188018799        17.026476393139077     
   3.6999998092651367        17.025221716875354     
   3.7099997997283936        17.024019403948486     
   3.7200000286102295        17.022867643471358     
   3.7300000190734863        17.021764744860690     
   3.7400000095367432        17.020708973597028     
   3.7500000000000000        17.019698662575131     
   3.7599999904632568        17.018732184310785     
   3.7699999809265137        17.017807951114669     
   3.7799999713897705        17.016924415182874     
   3.7899999618530273        17.016080068609043     
   3.7999999523162842        17.015273443322865     
   3.8099999427795410        17.014503110959641     
   3.8199999332427979        17.013767682665428     
   3.8299999237060547        17.013065808842217     
   3.8399999141693115        17.012396178837371     
   3.8499999046325684        17.011757520581472     
   3.8599998950958252        17.011148600178601     
   3.8699998855590820        17.010568221452850     
   3.8799998760223389        17.010015225454840     
   3.8899998664855957        17.009488489931723     
   3.8999998569488525        17.008986928764205     
   3.9099998474121094        17.008509491373747     
   3.9199998378753662        17.008055162103179     
   3.9299998283386230        17.007622959573666     
   3.9399998188018799        17.007211936020902     
   3.9499998092651367        17.006821176613254     
   3.9599997997283936        17.006449798754414     
   3.9700000286102295        17.006096943174839     
   3.9800000190734863        17.005761806416238     
   3.9900000095367432        17.005443589656089     
   4.0000000000000000        17.005141532040248     
   4.0099997520446777        17.004854907967839     
   4.0199999809265137        17.004582993070169     
   4.0299997329711914        17.004325136007935     
   4.0399999618530273        17.004080661243218     
   4.0499997138977051        17.003848966809972     
   4.0599999427795410        17.003629430179195     
   4.0699996948242188        17.003421496045910     
   4.0799999237060547        17.003224591728888     
   4.0899996757507324        17.003038205895937     
   4.0999999046325684        17.002861812622285     
   4.1100001335144043        17.002694934164776     
   4.1199998855590820        17.002537111562059     
   4.1300001144409180        17.002387883416986     
   4.1399998664855957        17.002246836884716     
   4.1500000953674316        17.002113549992767     
   4.1599998474121094        17.001987644890438     
   4.1700000762939453        17.001868736283033     
   4.1799998283386230        17.001756478923244     
   4.1900000572204590        17.001650521564404     
   4.1999998092651367        17.001550549265549     
   4.2100000381469727        17.001456242319957     
   4.2199997901916504        17.001367313895241     
   4.2300000190734863        17.001283473441170     
   4.2399997711181641        17.001204460139370     
   4.2500000000000000        17.001130010338706     
   4.2599997520446777        17.001059887245905     
   4.2699999809265137        17.000993851977764     
   4.2799997329711914        17.000931689884048     
   4.2899999618530273        17.000873184843567     
   4.2999997138977051        17.000818142573966     
   4.3099999427795410        17.000766367833513     
   4.3199996948242188        17.000717685038573     
   4.3299999237060547        17.000671918064970     
   4.3399996757507324        17.000628908462915     
   4.3499999046325684        17.000588497581195     
   4.3600001335144043        17.000550540887264     
   4.3699998855590820        17.000514900932497     
   4.3800001144409180        17.000481442438574     
   4.3899998664855957        17.000450043605380     
   4.4000000953674316        17.000420583002644     
   4.4099998474121094        17.000392951268900     
   4.4200000762939453        17.000367039554675     
   4.4299998283386230        17.000342749804773     
   4.4400000572204590        17.000319984580351     
   4.4499998092651367        17.000298656085775     
   4.4600000381469727        17.000278677214670     
   4.4699997901916504        17.000259969465638     
   4.4800000190734863        17.000242455073508     
   4.4899997711181641        17.000226063942833     
   4.5000000000000000        17.000210726740143     
   4.5099997520446777        17.000196380960279     
   4.5199999809265137        17.000182964868710     
   4.5299997329711914        17.000170422803162     
   4.5399999618530273        17.000158699867004     
   4.5499997138977051        17.000147746557396     
   4.5599999427795410        17.000137514121477     
   4.5699996948242188        17.000127958592081     
   4.5799999237060547        17.000119036728201     
   4.5899996757507324        17.000110709530194     
   4.5999999046325684        17.000102938694681     
   4.6100001335144043        17.000095689339215     
   4.6199998855590820        17.000088928578517     
   4.6300001144409180        17.000082624554651     
   4.6399998664855957        17.000076748530464     
   4.6500000953674316        17.000071272374619     
   4.6599998474121094        17.000066170710738     
   4.6700000762939453        17.000061418729061     
   4.6799998283386230        17.000056994049135     
   4.6900000572204590        17.000052874817630     
   4.6999998092651367        17.000049041320967     
   4.7100000381469727        17.000045474333582     
   4.7199997901916504        17.000042156512528     
   4.7300000190734863        17.000039070964657     
   4.7399997711181641        17.000036202451373     
   4.7500000000000000        17.000033536146979     
   4.7599997520446777        17.000031058678282     
   4.7699999809265137        17.000028757049680     
   4.7799997329711914        17.000026619539316     
   4.7899999618530273        17.000024634769424     
   4.7999997138977051        17.000022792477985     
   4.8099999427795410        17.000021082715527     
   4.8199996948242188        17.000019496508848     
   4.8299999237060547        17.000018025167787     
   4.8399996757507324        17.000016660855461     
   4.8499999046325684        17.000015395990562     
   4.8599996566772461        17.000014223736759     
   4.8699998855590820        17.000013137487855     
   4.8800001144409180        17.000012131241210     
   4.8899998664855957        17.000011199385515     
   4.9000000953674316        17.000010336558937     
   4.9099998474121094        17.000009537927742     
   4.9200000762939453        17.000008798833289     
   4.9299998283386230        17.000008115076259     
   4.9400000572204590        17.000007482613633     
   4.9499998092651367        17.000006897801480     
   4.9600000381469727        17.000006357135064     
   4.9699997901916504        17.000005857456028     
   4.9800000190734863        17.000005395729730     
   4.9899997711181641        17.000004969221813     
   5.0000000000000000        17.000004575307653     
