  -5.0000000000000000        1.0000000000124054     
  -4.9899997711181641        1.0000000000137086     
  -4.9800000190734863        1.0000000000151459     
  -4.9699997901916504        1.0000000000167304     
  -4.9600000381469727        1.0000000000184770     
  -4.9499998092651367        1.0000000000204019     
  -4.9400000572204590        1.0000000000225227     
  -4.9299998283386230        1.0000000000248592     
  -4.9200000762939453        1.0000000000274325     
  -4.9099998474121094        1.0000000000302660     
  -4.9000000953674316        1.0000000000333855     
  -4.8899998664855957        1.0000000000368194     
  -4.8800001144409180        1.0000000000405982     
  -4.8699998855590820        1.0000000000447560     
  -4.8599996566772461        1.0000000000493299     
  -4.8499999046325684        1.0000000000543598     
  -4.8399996757507324        1.0000000000598912     
  -4.8299999237060547        1.0000000000659717     
  -4.8199996948242188        1.0000000000726554     
  -4.8099999427795410        1.0000000000800000     
  -4.7999997138977051        1.0000000000880698     
  -4.7899999618530273        1.0000000000969336     
  -4.7799997329711914        1.0000000001066687     
  -4.7699999809265137        1.0000000001173577     
  -4.7599997520446777        1.0000000001290923     
  -4.7500000000000000        1.0000000001419713     
  -4.7399997711181641        1.0000000001561049     
  -4.7300000190734863        1.0000000001716101     
  -4.7199997901916504        1.0000000001886187     
  -4.7100000381469727        1.0000000002072706     
  -4.6999998092651367        1.0000000002277223     
  -4.6900000572204590        1.0000000002501410     
  -4.6799998283386230        1.0000000002747131     
  -4.6700000762939453        1.0000000003016372     
  -4.6599998474121094        1.0000000003311353     
  -4.6500000953674316        1.0000000003634437     
  -4.6399998664855957        1.0000000003988265     
  -4.6300001144409180        1.0000000004375647     
  -4.6199998855590820        1.0000000004799714     
  -4.6100001335144043        1.0000000005263805     
  -4.5999999046325684        1.0000000005771639     
  -4.5899996757507324        1.0000000006327203     
  -4.5799999237060547        1.0000000006934826     
  -4.5699996948242188        1.0000000007599315     
  -4.5599999427795410        1.0000000008325771     
  -4.5499997138977051        1.0000000009119892     
  -4.5399999618530273        1.0000000009987713     
  -4.5299997329711914        1.0000000010935974     
  -4.5199999809265137        1.0000000011971819     
  -4.5099997520446777        1.0000000013103214     
  -4.5000000000000000        1.0000000014338601     
  -4.4899997711181641        1.0000000015687391     
  -4.4800000190734863        1.0000000017159554     
  -4.4699997901916504        1.0000000018766195     
  -4.4600000381469727        1.0000000020519075     
  -4.4499998092651367        1.0000000022431292     
  -4.4400000572204590        1.0000000024516706     
  -4.4299998283386230        1.0000000026790752     
  -4.4200000762939453        1.0000000029269751     
  -4.4099998474121094        1.0000000031971874     
  -4.4000000953674316        1.0000000034916323     
  -4.3899998664855957        1.0000000038124472     
  -4.3800001144409180        1.0000000041618895     
  -4.3699998855590820        1.0000000045424711     
  -4.3600001335144043        1.0000000049568427     
  -4.3499999046325684        1.0000000054079548     
  -4.3399996757507324        1.0000000058989418     
  -4.3299999237060547        1.0000000064331920     
  -4.3199996948242188        1.0000000070144535     
  -4.3099999427795410        1.0000000076466731     
  -4.2999997138977051        1.0000000083342424     
  -4.2899999618530273        1.0000000090817824     
  -4.2799997329711914        1.0000000098944346     
  -4.2699999809265137        1.0000000107776046     
  -4.2599997520446777        1.0000000117373056     
  -4.2500000000000000        1.0000000127798558     
  -4.2399997711181641        1.0000000139122827     
  -4.2300000190734863        1.0000000151419646     
  -4.2199997901916504        1.0000000164771066     
  -4.2100000381469727        1.0000000179263167     
  -4.1999998092651367        1.0000000194991674     
  -4.1900000572204590        1.0000000212056930     
  -4.1799998283386230        1.0000000230570503     
  -4.1700000762939453        1.0000000250649266     
  -4.1599998474121094        1.0000000272423142     
  -4.1500000953674316        1.0000000296028124     
  -4.1399998664855957        1.0000000321615379     
  -4.1300001144409180        1.0000000349343021     
  -4.1199998855590820        1.0000000379386773     
  -4.1100001335144043        1.0000000411930299     
  -4.0999999046325684        1.0000000447177690     
  -4.0899996757507324        1.0000000485343994     
  -4.0799999237060547        1.0000000526660366     
  -4.0699996948242188        1.0000000571381857     
  -4.0599999427795410        1.0000000619774509     
  -4.0499997138977051        1.0000000672133895     
  -4.0399999618530273        1.0000000728768090     
  -4.0299997329711914        1.0000000790019323     
  -4.0199999809265137        1.0000000856244020     
  -4.0099997520446777        1.0000000927838086     
  -4.0000000000000000        1.0000001005213517     
  -3.9900000095367432        1.0000001088825834     
  -3.9800000190734863        1.0000001179157054     
  -3.9700000286102295        1.0000001276726969     
  -3.9599997997283936        1.0000001382096515     
  -3.9499998092651367        1.0000001495860282     
  -3.9399998188018799        1.0000001618664460     
  -3.9299998283386230        1.0000001751200098     
  -3.9199998378753662        1.0000001894208828     
  -3.9099998474121094        1.0000002048486378     
  -3.8999998569488525        1.0000002214886345     
  -3.8899998664855957        1.0000002394324186     
  -3.8799998760223389        1.0000002587781478     
  -3.8699998855590820        1.0000002796310474     
  -3.8599998950958252        1.0000003021038917     
  -3.8499999046325684        1.0000003263175199     
  -3.8399999141693115        1.0000003524013834     
  -3.8299999237060547        1.0000003804941280     
  -3.8199999332427979        1.0000004107442142     
  -3.8099999427795410        1.0000004433105749     
  -3.7999999523162842        1.0000004783633178     
  -3.7899999618530273        1.0000005160844680     
  -3.7799999713897705        1.0000005566687598     
  -3.7699999809265137        1.0000006003244772     
  -3.7599999904632568        1.0000006472743459     
  -3.7500000000000000        1.0000006977564808     
  -3.7400000095367432        1.0000007520253920     
  -3.7300000190734863        1.0000008103530511     
  -3.7200000286102295        1.0000008730300247     
  -3.7099997997283936        1.0000009403683372     
  -3.6999998092651367        1.0000010126962142     
  -3.6899998188018799        1.0000010903690522     
  -3.6799998283386230        1.0000011737645469     
  -3.6699998378753662        1.0000012632857587     
  -3.6599998474121094        1.0000013593627157     
  -3.6499998569488525        1.0000014624541160     
  -3.6399998664855957        1.0000015730491250     
  -3.6299998760223389        1.0000016916692811     
  -3.6199998855590820        1.0000018188705111     
  -3.6099998950958252        1.0000019552452615     
  -3.5999999046325684        1.0000021014247527     
  -3.5899999141693115        1.0000022580813621     
  -3.5799999237060547        1.0000024259311449     
  -3.5699999332427979        1.0000026057364935     
  -3.5599999427795410        1.0000027983089521     
  -3.5499999523162842        1.0000030045121844     
  -3.5399999618530273        1.0000032252651108     
  -3.5299999713897705        1.0000034615452160     
  -3.5199999809265137        1.0000037143920444     
  -3.5099999904632568        1.0000039849108819     
  -3.5000000000000000        1.0000042742766424     
  -3.4900000095367432        1.0000045837379661     
  -3.4800000190734863        1.0000049146215364     
  -3.4700000286102295        1.0000052683366318     
  -3.4600000381469727        1.0000056463799198     
  -3.4499998092651367        1.0000060503504604     
  -3.4399998188018799        1.0000064819158874     
  -3.4299998283386230        1.0000069428757317     
  -3.4199998378753662        1.0000074351294495     
  -3.4099998474121094        1.0000079606919328     
  -3.3999998569488525        1.0000085217000250     
  -3.3899998664855957        1.0000091204193726     
  -3.3799998760223389        1.0000097592516251     
  -3.3699998855590820        1.0000104407420025     
  -3.3599998950958252        1.0000111675872447     
  -3.3499999046325684        1.0000119426439595     
  -3.3399999141693115        1.0000127689373879     
  -3.3299999237060547        1.0000136496706040     
  -3.3199999332427979        1.0000145882341680     
  -3.3099999427795410        1.0000155882162534     
  -3.2999999523162842        1.0000166534132655     
  -3.2899999618530273        1.0000177878409759     
  -3.2799999713897705        1.0000189957461894     
  -3.2699999809265137        1.0000202816189696     
  -3.2599999904632568        1.0000216502054460     
  -3.2500000000000000        1.0000231065212213     
  -3.2400000095367432        1.0000246558654098     
  -3.2300000190734863        1.0000263038353256     
  -3.2200000286102295        1.0000280563418520     
  -3.2100000381469727        1.0000299196255127     
  -3.1999998092651367        1.0000319003219542     
  -3.1899998188018799        1.0000340052878556     
  -3.1799998283386230        1.0000362419023685     
  -3.1699998378753662        1.0000386179003846     
  -3.1599998474121094        1.0000411414383525     
  -3.1499998569488525        1.0000438211151761     
  -3.1399998664855957        1.0000466659940261     
  -3.1299998760223389        1.0000496856250938     
  -3.1199998855590820        1.0000528900693217     
  -3.1099998950958252        1.0000562899231455     
  -3.0999999046325684        1.0000598963442826     
  -3.0899999141693115        1.0000637210785996     
  -3.0799999237060547        1.0000677764880996     
  -3.0699999332427979        1.0000720755800625     
  -3.0599999427795410        1.0000766320373773     
  -3.0499999523162842        1.0000814602501065     
  -3.0399999618530273        1.0000865753483168     
  -3.0299999713897705        1.0000919932362220     
  -3.0199999809265137        1.0000977306276724     
  -3.0099999904632568        1.0001038050830362     
  -3.0000000000000000        1.0001102350475106     
  -2.9900000095367432        1.0001170398909072     
  -2.9800000190734863        1.0001242399489527     
  -2.9700000286102295        1.0001318565661481     
  -2.9600000381469727        1.0001399121402290     
  -2.9500000476837158        1.0001484301682708     
  -2.9399998188018799        1.0001574355151939     
  -2.9299998283386230        1.0001669535930009     
  -2.9199998378753662        1.0001770116993567     
  -2.9099998474121094        1.0001876382242290     
  -2.8999998569488525        1.0001988629136755     
  -2.8899998664855957        1.0002107169267471     
  -2.8799998760223389        1.0002232328943466     
  -2.8699998855590820        1.0002364449800880     
  -2.8599998950958252        1.0002503889431982     
  -2.8499999046325684        1.0002651022035047     
  -2.8399999141693115        1.0002806239085571     
  -2.8299999237060547        1.0002969950029170     
  -2.8199999332427979        1.0003142582996665     
  -2.8099999427795410        1.0003324585541724     
  -2.7999999523162842        1.0003516425401466     
  -2.7899999618530273        1.0003718591280450     
  -2.7799999713897705        1.0003931593658399     
  -2.7699999809265137        1.0004155965622059     
  -2.7599999904632568        1.0004392263721558     
  -2.7500000000000000        1.0004641068851579     
  -2.7400000095367432        1.0004902987157704     
  -2.7300000190734863        1.0005178650968245     
  -2.7200000286102295        1.0005468719751829     
  -2.7100000381469727        1.0005773881101032     
  -2.7000000476837158        1.0006094851742322     
  -2.6900000572204590        1.0006432378572490     
  -2.6799998283386230        1.0006787248395423     
  -2.6699998378753662        1.0007160254760388     
  -2.6599998474121094        1.0007552249813554     
  -2.6499998569488525        1.0007964112035337     
  -2.6399998664855957        1.0008396755662681     
  -2.6299998760223389        1.0008851131887870     
  -2.6199998855590820        1.0009328230084638     
  -2.6099998950958252        1.0009829079061541     
  -2.5999999046325684        1.0010354748342563     
  -2.5899999141693115        1.0010906349474769     
  -2.5799999237060547        1.0011485037362942     
  -2.5699999332427979        1.0012092011630922     
  -2.5599999427795410        1.0012728518009428     
  -2.5499999523162842        1.0013395849750084     
  -2.5399999618530273        1.0014095349065226     
  -2.5299999713897705        1.0014828408593144     
  -2.5199999809265137        1.0015596472888242     
  -2.5099999904632568        1.0016401039935618     
  -2.5000000000000000        1.0017243662689430     
  -2.4900000095367432        1.0018125950634418     
  -2.4800000190734863        1.0019049571369851     
  -2.4700000286102295        1.0020016252215094     
  -2.4600000381469727        1.0021027781835916     
  -2.4500000476837158        1.0022086011890634     
  -2.4400000572204590        1.0023192858695027     
  -2.4299998283386230        1.0024350333120007     
  -2.4199998378753662        1.0025560430710785     
  -2.4099998474121094        1.0026825298902196     
  -2.3999998569488525        1.0028147129626490     
  -2.3899998664855957        1.0029528188038592     
  -2.3799998760223389        1.0030970814267823     
  -2.3699998855590820        1.0032477425178941     
  -2.3599998950958252        1.0034050516140827     
  -2.3499999046325684        1.0035692662800983     
  -2.3399999141693115        1.0037406522863999     
  -2.3299999237060547        1.0039194837871899     
  -2.3199999332427979        1.0041060434984408     
  -2.3099999427795410        1.0043006228756797     
  -2.2999999523162842        1.0045035222913137     
  -2.2899999618530273        1.0047150512112486     
  -2.2799999713897705        1.0049355283705528     
  -2.2699999809265137        1.0051652819479067     
  -2.2599999904632568        1.0054046497385662     
  -2.2500000000000000        1.0056539793255557     
  -2.2400000095367432        1.0059136282488024     
  -2.2300000190734863        1.0061839641719057     
  -2.2200000286102295        1.0064653650462290     
  -2.2100000381469727        1.0067582192719902     
  -2.2000000476837158        1.0070629258560144     
  -2.1900000572204590        1.0073798945658059     
  -2.1800000667572021        1.0077095460795809     
  -2.1699998378753662        1.0080523204639240     
  -2.1599998474121094        1.0084086443151363     
  -2.1499998569488525        1.0087789799122278     
  -2.1399998664855957        1.0091637929830894     
  -2.1299998760223389        1.0095635608427611     
  -2.1199998855590820        1.0099787725112011     
  -2.1099998950958252        1.0104099288242470     
  -2.0999999046325684        1.0108575425373378     
  -2.0899999141693115        1.0113221384215527     
  -2.0799999237060547        1.0118042533515210     
  -2.0699999332427979        1.0123044363847404     
  -2.0599999427795410        1.0128232488318456     
  -2.0499999523162842        1.0133612643173484     
  -2.0399999618530273        1.0139190688303790     
  -2.0299999713897705        1.0144972607649370     
  -2.0199999809265137        1.0150964509491698     
  -2.0099999904632568        1.0157172626631787     
  -2.0000000000000000        1.0163603316448588     
  -1.9900000095367432        1.0170263060832678     
  -1.9799998998641968        1.0177158549621215     
  -1.9699999094009399        1.0184296348673205     
  -1.9599999189376831        1.0191683392476778     
  -1.9499999284744263        1.0199326657636445     
  -1.9399999380111694        1.0207233242889120     
  -1.9299999475479126        1.0215410368183151     
  -1.9199999570846558        1.0223865373597161     
  -1.9099999666213989        1.0232605718093648     
  -1.8999999761581421        1.0241638978102332     
  -1.8899999856948853        1.0250972845928354     
  -1.8799999952316284        1.0260615127980373     
  -1.8700000047683716        1.0270573742813767     
  -1.8600000143051147        1.0280856718984210     
  -1.8499999046325684        1.0291472321267854     
  -1.8399999141693115        1.0302428537989408     
  -1.8299999237060547        1.0313733837410515     
  -1.8199999332427979        1.0325396662670816     
  -1.8099999427795410        1.0337425553173829     
  -1.7999999523162842        1.0349829141208580     
  -1.7899999618530273        1.0362616148351433     
  -1.7799999713897705        1.0375795381644377     
  -1.7699999809265137        1.0389375729546237     
  -1.7599999904632568        1.0403366157653451     
  -1.7500000000000000        1.0417775704187249     
  -1.7400000095367432        1.0432613475244339     
  -1.7300000190734863        1.0447888639808367     
  -1.7199999094009399        1.0463610614637102     
  -1.7099999189376831        1.0479788303809110     
  -1.6999999284744263        1.0496431217348867     
  -1.6899999380111694        1.0513548721038313     
  -1.6799999475479126        1.0531150214938818     
  -1.6699999570846558        1.0549245126925313     
  -1.6599999666213989        1.0567842905969853     
  -1.6499999761581421        1.0586953015174250     
  -1.6399999856948853        1.0606584924551714     
  -1.6299999952316284        1.0626748103557841     
  -1.6200000047683716        1.0647452013371563     
  -1.6100000143051147        1.0668706098927170     
  -1.5999999046325684        1.0690520044111278     
  -1.5899999141693115        1.0712902716490535     
  -1.5799999237060547        1.0735863718676972     
  -1.5699999332427979        1.0759412346025905     
  -1.5599999427795410        1.0783557834138509     
  -1.5499999523162842        1.0808309349444789     
  -1.5399999618530273        1.0833675979556483     
  -1.5299999713897705        1.0859666723394255     
  -1.5199999809265137        1.0886290481094163     
  -1.5099999904632568        1.0913556043698729     
  -1.5000000000000000        1.0941472082638461     
  -1.4900000095367432        1.0970047139010157     
  -1.4800000190734863        1.0999289612658811     
  -1.4699999094009399        1.1029208111782363     
  -1.4599999189376831        1.1059810006993729     
  -1.4499999284744263        1.1091103559628912     
  -1.4399999380111694        1.1123096491679914     
  -1.4299999475479126        1.1155796326622753     
  -1.4199999570846558        1.1189210377491399     
  -1.4099999666213989        1.1223345734816708     
  -1.3999999761581421        1.1258209254441154     
  -1.3899999856948853        1.1293807545220564     
  -1.3799999952316284        1.1330146956624598     
  -1.3700000047683716        1.1367233566248161     
  -1.3600000143051147        1.1405073167246440     
  -1.3500000238418579        1.1443671255706689     
  -1.3399999141693115        1.1483033491771151     
  -1.3299999237060547        1.1523163800909815     
  -1.3199999332427979        1.1564067176474393     
  -1.3099999427795410        1.1605747799214376     
  -1.2999999523162842        1.1648209489212793     
  -1.2899999618530273        1.1691455693179362     
  -1.2799999713897705        1.1735489471784608     
  -1.2699999809265137        1.1780313487051384     
  -1.2599999904632568        1.1825929989820669     
  -1.2500000000000000        1.1872340807308783     
  -1.2400000095367432        1.1919547330773488     
  -1.2300000190734863        1.1967550503306787     
  -1.2200000286102295        1.2016350807772460     
  -1.2099999189376831        1.2065948850904817     
  -1.1999999284744263        1.2116342977090235     
  -1.1899999380111694        1.2167532804347507     
  -1.1799999475479126        1.2219516857536403     
  -1.1699999570846558        1.2272293143794941     
  -1.1599999666213989        1.2325859141736777     
  -1.1499999761581421        1.2380211790925322     
  -1.1399999856948853        1.2435347481644010     
  -1.1299999952316284        1.2491262044982050     
  -1.1200000047683716        1.2547950743255112     
  -1.1100000143051147        1.2605408260780315     
  -1.1000000238418579        1.2663628695024842     
  -1.0900000333786011        1.2722605548147419     
  -1.0799999237060547        1.2782332435380213     
  -1.0699999332427979        1.2842800220491803     
  -1.0599999427795410        1.2904001280712205     
  -1.0499999523162842        1.2965926660896836     
  -1.0399999618530273        1.3028566774856187     
  -1.0299999713897705        1.3091911399649456     
  -1.0199999809265137        1.3155949670400495     
  -1.0099999904632568        1.3220670075653307     
  -1.0000000000000000        1.3286060453284085     
 -0.98999994993209839        1.3352108382592607     
 -0.97999995946884155        1.3418799602745806     
 -0.96999996900558472        1.3486120372622923     
 -0.95999997854232788        1.3554055898241870     
 -0.94999998807907104        1.3622590723419972     
 -0.93999999761581421        1.3691708729353391     
 -0.93000000715255737        1.3761393134857283     
 -0.91999995708465576        1.3831626917503397     
 -0.90999996662139893        1.3902391137430266     
 -0.89999997615814209        1.3973667451542486     
 -0.88999998569488525        1.4045436445164383     
 -0.87999999523162842        1.4117678052761418     
 -0.87000000476837158        1.4190371562380202     
 -0.85999995470046997        1.4263496057913889     
 -0.84999996423721313        1.4337028679006898     
 -0.83999997377395630        1.4410947243029173     
 -0.82999998331069946        1.4485228511481398     
 -0.81999999284744263        1.4559848632744992     
 -0.81000000238418579        1.4634783150996333     
 -0.79999995231628418        1.4710007465060593     
 -0.78999996185302734        1.4785495043612711     
 -0.77999997138977051        1.4861220126815189     
 -0.76999998092651367        1.4937155946337140     
 -0.75999999046325684        1.5013275185591142     
 -0.75000000000000000        1.5089549993189806     
 -0.74000000953674316        1.5165951997149976     
 -0.72999995946884155        1.5242452776051774     
 -0.71999996900558472        1.5319022050191360     
 -0.70999997854232788        1.5395630434119725     
 -0.69999998807907104        1.5472247630241860     
 -0.68999999761581421        1.5548842902365640     
 -0.68000000715255737        1.5625385094233581     
 -0.66999995708465576        1.5701843104146223     
 -0.65999996662139893        1.5778184082428042     
 -0.64999997615814209        1.5854376186593173     
 -0.63999998569488525        1.5930386778910590     
 -0.62999999523162842        1.6006182904215849     
 -0.62000000476837158        1.6081731312320828     
 -0.61000001430511475        1.6156998481008986     
 -0.59999996423721313        1.6231951085339742     
 -0.58999997377395630        1.6306554236595499     
 -0.57999998331069946        1.6380774187712275     
 -0.56999999284744263        1.6454576569290298     
 -0.56000000238418579        1.6527926862914533     
 -0.55000001192092896        1.6600790427201122     
 -0.53999996185302734        1.6673132953835763     
 -0.52999997138977051        1.6744918772739337     
 -0.51999998092651367        1.6816113466767564     
 -0.50999999046325684        1.6886682171158638     
 -0.50000000000000000        1.6956590034192662     
 -0.48999997973442078        1.7025802450545386     
 -0.47999998927116394        1.7094284266673148     
 -0.46999999880790710        1.7162001047199129     
 -0.45999997854232788        1.7228918474650123     
 -0.44999998807907104        1.7295001790381204     
 -0.43999999761581421        1.7360217020372817     
 -0.42999997735023499        1.7424530394454329     
 -0.41999998688697815        1.7487907812140320     
 -0.40999999642372131        1.7550316022005610     
 -0.39999997615814209        1.7611722062875632     
 -0.38999998569488525        1.7672092756947482     
 -0.37999999523162842        1.7731395837003270     
 -0.37000000476837158        1.7789599240207732     
 -0.35999998450279236        1.7846671489744619     
 -0.34999999403953552        1.7902581046372268     
 -0.34000000357627869        1.7957297357408073     
 -0.32999998331069946        1.8010790358507234     
 -0.31999999284744263        1.8063030039136851     
 -0.31000000238418579        1.8113987426630245     
 -0.29999998211860657        1.8163634117744667     
 -0.28999999165534973        1.8211941878584055     
 -0.28000000119209290        1.8258883558629546     
 -0.26999998092651367        1.8304432654219855     
 -0.25999999046325684        1.8348562944787532     
 -0.25000000000000000        1.8391249332063724     
 -0.23999999463558197        1.8432467377190771     
 -0.22999998927116394        1.8472193276548659     
 -0.21999999880790710        1.8510404018529165     
 -0.20999999344348907        1.8547077566441370     
 -0.19999998807907104        1.8582192538220299     
 -0.18999999761581421        1.8615728408347025     
 -0.17999999225139618        1.8647665667209545     
 -0.17000000178813934        1.8677985496362728     
 -0.15999999642372131        1.8706670167408821     
 -0.14999999105930328        1.8733702737172220     
 -0.14000000059604645        1.8759067210901352     
 -0.12999999523162842        1.8782748660278723     
 -0.11999999731779099        1.8804732995656996     
 -0.10999999940395355        1.8825007183406886     
  -9.9999994039535522E-002   1.8843559180644118     
  -8.9999996125698090E-002   1.8860377911442736     
  -7.9999998211860657E-002   1.8875453360746302     
  -7.0000000298023224E-002   1.8888776527752800     
  -5.9999998658895493E-002   1.8900339453314581     
  -4.9999997019767761E-002   1.8910135214615027     
  -3.9999999105930328E-002   1.8918157943975826     
  -2.9999999329447746E-002   1.8924402839715950     
  -1.9999999552965164E-002   1.8928866156672535     
  -9.9999997764825821E-003   1.8931545218238917     
   0.0000000000000000        1.8932438417380024     
   9.9999997764825821E-003   1.8931545218238917     
   1.9999999552965164E-002   1.8928866156672535     
   2.9999999329447746E-002   1.8924402839715950     
   3.9999999105930328E-002   1.8918157943975826     
   4.9999997019767761E-002   1.8910135214615027     
   5.9999998658895493E-002   1.8900339453314581     
   7.0000000298023224E-002   1.8888776527752800     
   7.9999998211860657E-002   1.8875453360746302     
   8.9999996125698090E-002   1.8860377911442736     
   9.9999994039535522E-002   1.8843559180644118     
  0.10999999940395355        1.8825007183406886     
  0.11999999731779099        1.8804732995656996     
  0.12999999523162842        1.8782748660278723     
  0.14000000059604645        1.8759067210901352     
  0.14999999105930328        1.8733702737172220     
  0.15999999642372131        1.8706670167408821     
  0.17000000178813934        1.8677985496362728     
  0.17999999225139618        1.8647665667209545     
  0.18999999761581421        1.8615728408347025     
  0.19999998807907104        1.8582192538220299     
  0.20999999344348907        1.8547077566441370     
  0.21999999880790710        1.8510404018529165     
  0.22999998927116394        1.8472193276548659     
  0.23999999463558197        1.8432467377190771     
  0.25000000000000000        1.8391249332063724     
  0.25999999046325684        1.8348562944787532     
  0.26999998092651367        1.8304432654219855     
  0.28000000119209290        1.8258883558629546     
  0.28999999165534973        1.8211941878584055     
  0.29999998211860657        1.8163634117744667     
  0.31000000238418579        1.8113987426630245     
  0.31999999284744263        1.8063030039136851     
  0.32999998331069946        1.8010790358507234     
  0.34000000357627869        1.7957297357408073     
  0.34999999403953552        1.7902581046372268     
  0.35999998450279236        1.7846671489744619     
  0.37000000476837158        1.7789599240207732     
  0.37999999523162842        1.7731395837003270     
  0.38999998569488525        1.7672092756947482     
  0.39999997615814209        1.7611722062875632     
  0.40999999642372131        1.7550316022005610     
  0.41999998688697815        1.7487907812140320     
  0.42999997735023499        1.7424530394454329     
  0.43999999761581421        1.7360217020372817     
  0.44999998807907104        1.7295001790381204     
  0.45999997854232788        1.7228918474650123     
  0.46999999880790710        1.7162001047199129     
  0.47999998927116394        1.7094284266673148     
  0.48999997973442078        1.7025802450545386     
  0.50000000000000000        1.6956590034192662     
  0.50999999046325684        1.6886682171158638     
  0.51999998092651367        1.6816113466767564     
  0.52999997138977051        1.6744918772739337     
  0.53999996185302734        1.6673132953835763     
  0.55000001192092896        1.6600790427201122     
  0.56000000238418579        1.6527926862914533     
  0.56999999284744263        1.6454576569290298     
  0.57999998331069946        1.6380774187712275     
  0.58999997377395630        1.6306554236595499     
  0.59999996423721313        1.6231951085339742     
  0.61000001430511475        1.6156998481008986     
  0.62000000476837158        1.6081731312320828     
  0.62999999523162842        1.6006182904215849     
  0.63999998569488525        1.5930386778910590     
  0.64999997615814209        1.5854376186593173     
  0.65999996662139893        1.5778184082428042     
  0.66999995708465576        1.5701843104146223     
  0.68000000715255737        1.5625385094233581     
  0.68999999761581421        1.5548842902365640     
  0.69999998807907104        1.5472247630241860     
  0.70999997854232788        1.5395630434119725     
  0.71999996900558472        1.5319022050191360     
  0.72999995946884155        1.5242452776051774     
  0.74000000953674316        1.5165951997149976     
  0.75000000000000000        1.5089549993189806     
  0.75999999046325684        1.5013275185591142     
  0.76999998092651367        1.4937155946337140     
  0.77999997138977051        1.4861220126815189     
  0.78999996185302734        1.4785495043612711     
  0.79999995231628418        1.4710007465060593     
  0.81000000238418579        1.4634783150996333     
  0.81999999284744263        1.4559848632744992     
  0.82999998331069946        1.4485228511481398     
  0.83999997377395630        1.4410947243029173     
  0.84999996423721313        1.4337028679006898     
  0.85999995470046997        1.4263496057913889     
  0.87000000476837158        1.4190371562380202     
  0.87999999523162842        1.4117678052761418     
  0.88999998569488525        1.4045436445164383     
  0.89999997615814209        1.3973667451542486     
  0.90999996662139893        1.3902391137430266     
  0.91999995708465576        1.3831626917503397     
  0.93000000715255737        1.3761393134857283     
  0.93999999761581421        1.3691708729353391     
  0.94999998807907104        1.3622590723419972     
  0.95999997854232788        1.3554055898241870     
  0.96999996900558472        1.3486120372622923     
  0.97999995946884155        1.3418799602745806     
  0.98999994993209839        1.3352108382592607     
   1.0000000000000000        1.3286060453284085     
   1.0099999904632568        1.3220670075653307     
   1.0199999809265137        1.3155949670400495     
   1.0299999713897705        1.3091911399649456     
   1.0399999618530273        1.3028566774856187     
   1.0499999523162842        1.2965926660896836     
   1.0599999427795410        1.2904001280712205     
   1.0699999332427979        1.2842800220491803     
   1.0799999237060547        1.2782332435380213     
   1.0900000333786011        1.2722605548147419     
   1.1000000238418579        1.2663628695024842     
   1.1100000143051147        1.2605408260780315     
   1.1200000047683716        1.2547950743255112     
   1.1299999952316284        1.2491262044982050     
   1.1399999856948853        1.2435347481644010     
   1.1499999761581421        1.2380211790925322     
   1.1599999666213989        1.2325859141736777     
   1.1699999570846558        1.2272293143794941     
   1.1799999475479126        1.2219516857536403     
   1.1899999380111694        1.2167532804347507     
   1.1999999284744263        1.2116342977090235     
   1.2099999189376831        1.2065948850904817     
   1.2200000286102295        1.2016350807772460     
   1.2300000190734863        1.1967550503306787     
   1.2400000095367432        1.1919547330773488     
   1.2500000000000000        1.1872340807308783     
   1.2599999904632568        1.1825929989820669     
   1.2699999809265137        1.1780313487051384     
   1.2799999713897705        1.1735489471784608     
   1.2899999618530273        1.1691455693179362     
   1.2999999523162842        1.1648209489212793     
   1.3099999427795410        1.1605747799214376     
   1.3199999332427979        1.1564067176474393     
   1.3299999237060547        1.1523163800909815     
   1.3399999141693115        1.1483033491771151     
   1.3500000238418579        1.1443671255706689     
   1.3600000143051147        1.1405073167246440     
   1.3700000047683716        1.1367233566248161     
   1.3799999952316284        1.1330146956624598     
   1.3899999856948853        1.1293807545220564     
   1.3999999761581421        1.1258209254441154     
   1.4099999666213989        1.1223345734816708     
   1.4199999570846558        1.1189210377491399     
   1.4299999475479126        1.1155796326622753     
   1.4399999380111694        1.1123096491679914     
   1.4499999284744263        1.1091103559628912     
   1.4599999189376831        1.1059810006993729     
   1.4699999094009399        1.1029208111782363     
   1.4800000190734863        1.0999289612658811     
   1.4900000095367432        1.0970047139010157     
   1.5000000000000000        1.0941472082638461     
   1.5099999904632568        1.0913556043698729     
   1.5199999809265137        1.0886290481094163     
   1.5299999713897705        1.0859666723394255     
   1.5399999618530273        1.0833675979556483     
   1.5499999523162842        1.0808309349444789     
   1.5599999427795410        1.0783557834138509     
   1.5699999332427979        1.0759412346025905     
   1.5799999237060547        1.0735863718676972     
   1.5899999141693115        1.0712902716490535     
   1.5999999046325684        1.0690520044111278     
   1.6100000143051147        1.0668706098927170     
   1.6200000047683716        1.0647452013371563     
   1.6299999952316284        1.0626748103557841     
   1.6399999856948853        1.0606584924551714     
   1.6499999761581421        1.0586953015174250     
   1.6599999666213989        1.0567842905969853     
   1.6699999570846558        1.0549245126925313     
   1.6799999475479126        1.0531150214938818     
   1.6899999380111694        1.0513548721038313     
   1.6999999284744263        1.0496431217348867     
   1.7099999189376831        1.0479788303809110     
   1.7199999094009399        1.0463610614637102     
   1.7300000190734863        1.0447888639808367     
   1.7400000095367432        1.0432613475244339     
   1.7500000000000000        1.0417775704187249     
   1.7599999904632568        1.0403366157653451     
   1.7699999809265137        1.0389375729546237     
   1.7799999713897705        1.0375795381644377     
   1.7899999618530273        1.0362616148351433     
   1.7999999523162842        1.0349829141208580     
   1.8099999427795410        1.0337425553173829     
   1.8199999332427979        1.0325396662670816     
   1.8299999237060547        1.0313733837410515     
   1.8399999141693115        1.0302428537989408     
   1.8499999046325684        1.0291472321267854     
   1.8600000143051147        1.0280856718984210     
   1.8700000047683716        1.0270573742813767     
   1.8799999952316284        1.0260615127980373     
   1.8899999856948853        1.0250972845928354     
   1.8999999761581421        1.0241638978102332     
   1.9099999666213989        1.0232605718093648     
   1.9199999570846558        1.0223865373597161     
   1.9299999475479126        1.0215410368183151     
   1.9399999380111694        1.0207233242889120     
   1.9499999284744263        1.0199326657636445     
   1.9599999189376831        1.0191683392476778     
   1.9699999094009399        1.0184296348673205     
   1.9799998998641968        1.0177158549621215     
   1.9900000095367432        1.0170263060832678     
   2.0000000000000000        1.0163603316448588     
   2.0099999904632568        1.0157172626631787     
   2.0199999809265137        1.0150964509491698     
   2.0299999713897705        1.0144972607649370     
   2.0399999618530273        1.0139190688303790     
   2.0499999523162842        1.0133612643173484     
   2.0599999427795410        1.0128232488318456     
   2.0699999332427979        1.0123044363847404     
   2.0799999237060547        1.0118042533515210     
   2.0899999141693115        1.0113221384215527     
   2.0999999046325684        1.0108575425373378     
   2.1099998950958252        1.0104099288242470     
   2.1199998855590820        1.0099787725112011     
   2.1299998760223389        1.0095635608427611     
   2.1399998664855957        1.0091637929830894     
   2.1499998569488525        1.0087789799122278     
   2.1599998474121094        1.0084086443151363     
   2.1699998378753662        1.0080523204639240     
   2.1800000667572021        1.0077095460795809     
   2.1900000572204590        1.0073798945658059     
   2.2000000476837158        1.0070629258560144     
   2.2100000381469727        1.0067582192719902     
   2.2200000286102295        1.0064653650462290     
   2.2300000190734863        1.0061839641719057     
   2.2400000095367432        1.0059136282488024     
   2.2500000000000000        1.0056539793255557     
   2.2599999904632568        1.0054046497385662     
   2.2699999809265137        1.0051652819479067     
   2.2799999713897705        1.0049355283705528     
   2.2899999618530273        1.0047150512112486     
   2.2999999523162842        1.0045035222913137     
   2.3099999427795410        1.0043006228756797     
   2.3199999332427979        1.0041060434984408     
   2.3299999237060547        1.0039194837871899     
   2.3399999141693115        1.0037406522863999     
   2.3499999046325684        1.0035692662800983     
   2.3599998950958252        1.0034050516140827     
   2.3699998855590820        1.0032477425178941     
   2.3799998760223389        1.0030970814267823     
   2.3899998664855957        1.0029528188038592     
   2.3999998569488525        1.0028147129626490     
   2.4099998474121094        1.0026825298902196     
   2.4199998378753662        1.0025560430710785     
   2.4299998283386230        1.0024350333120007     
   2.4400000572204590        1.0023192858695027     
   2.4500000476837158        1.0022086011890634     
   2.4600000381469727        1.0021027781835916     
   2.4700000286102295        1.0020016252215094     
   2.4800000190734863        1.0019049571369851     
   2.4900000095367432        1.0018125950634418     
   2.5000000000000000        1.0017243662689430     
   2.5099999904632568        1.0016401039935618     
   2.5199999809265137        1.0015596472888242     
   2.5299999713897705        1.0014828408593144     
   2.5399999618530273        1.0014095349065226     
   2.5499999523162842        1.0013395849750084     
   2.5599999427795410        1.0012728518009428     
   2.5699999332427979        1.0012092011630922     
   2.5799999237060547        1.0011485037362942     
   2.5899999141693115        1.0010906349474769     
   2.5999999046325684        1.0010354748342563     
   2.6099998950958252        1.0009829079061541     
   2.6199998855590820        1.0009328230084638     
   2.6299998760223389        1.0008851131887870     
   2.6399998664855957        1.0008396755662681     
   2.6499998569488525        1.0007964112035337     
   2.6599998474121094        1.0007552249813554     
   2.6699998378753662        1.0007160254760388     
   2.6799998283386230        1.0006787248395423     
   2.6900000572204590        1.0006432378572490     
   2.7000000476837158        1.0006094851742322     
   2.7100000381469727        1.0005773881101032     
   2.7200000286102295        1.0005468719751829     
   2.7300000190734863        1.0005178650968245     
   2.7400000095367432        1.0004902987157704     
   2.7500000000000000        1.0004641068851579     
   2.7599999904632568        1.0004392263721558     
   2.7699999809265137        1.0004155965622059     
   2.7799999713897705        1.0003931593658399     
   2.7899999618530273        1.0003718591280450     
   2.7999999523162842        1.0003516425401466     
   2.8099999427795410        1.0003324585541724     
   2.8199999332427979        1.0003142582996665     
   2.8299999237060547        1.0002969950029170     
   2.8399999141693115        1.0002806239085571     
   2.8499999046325684        1.0002651022035047     
   2.8599998950958252        1.0002503889431982     
   2.8699998855590820        1.0002364449800880     
   2.8799998760223389        1.0002232328943466     
   2.8899998664855957        1.0002107169267471     
   2.8999998569488525        1.0001988629136755     
   2.9099998474121094        1.0001876382242290     
   2.9199998378753662        1.0001770116993567     
   2.9299998283386230        1.0001669535930009     
   2.9399998188018799        1.0001574355151939     
   2.9500000476837158        1.0001484301682708     
   2.9600000381469727        1.0001399121402290     
   2.9700000286102295        1.0001318565661481     
   2.9800000190734863        1.0001242399489527     
   2.9900000095367432        1.0001170398909072     
   3.0000000000000000        1.0001102350475106     
   3.0099999904632568        1.0001038050830362     
   3.0199999809265137        1.0000977306276724     
   3.0299999713897705        1.0000919932362220     
   3.0399999618530273        1.0000865753483168     
   3.0499999523162842        1.0000814602501065     
   3.0599999427795410        1.0000766320373773     
   3.0699999332427979        1.0000720755800625     
   3.0799999237060547        1.0000677764880996     
   3.0899999141693115        1.0000637210785996     
   3.0999999046325684        1.0000598963442826     
   3.1099998950958252        1.0000562899231455     
   3.1199998855590820        1.0000528900693217     
   3.1299998760223389        1.0000496856250938     
   3.1399998664855957        1.0000466659940261     
   3.1499998569488525        1.0000438211151761     
   3.1599998474121094        1.0000411414383525     
   3.1699998378753662        1.0000386179003846     
   3.1799998283386230        1.0000362419023685     
   3.1899998188018799        1.0000340052878556     
   3.1999998092651367        1.0000319003219542     
   3.2100000381469727        1.0000299196255127     
   3.2200000286102295        1.0000280563418520     
   3.2300000190734863        1.0000263038353256     
   3.2400000095367432        1.0000246558654098     
   3.2500000000000000        1.0000231065212213     
   3.2599999904632568        1.0000216502054460     
   3.2699999809265137        1.0000202816189696     
   3.2799999713897705        1.0000189957461894     
   3.2899999618530273        1.0000177878409759     
   3.2999999523162842        1.0000166534132655     
   3.3099999427795410        1.0000155882162534     
   3.3199999332427979        1.0000145882341680     
   3.3299999237060547        1.0000136496706040     
   3.3399999141693115        1.0000127689373879     
   3.3499999046325684        1.0000119426439595     
   3.3599998950958252        1.0000111675872447     
   3.3699998855590820        1.0000104407420025     
   3.3799998760223389        1.0000097592516251     
   3.3899998664855957        1.0000091204193726     
   3.3999998569488525        1.0000085217000250     
   3.4099998474121094        1.0000079606919328     
   3.4199998378753662        1.0000074351294495     
   3.4299998283386230        1.0000069428757317     
   3.4399998188018799        1.0000064819158874     
   3.4499998092651367        1.0000060503504604     
   3.4600000381469727        1.0000056463799198     
   3.4700000286102295        1.0000052683366318     
   3.4800000190734863        1.0000049146215364     
   3.4900000095367432        1.0000045837379661     
   3.5000000000000000        1.0000042742766424     
   3.5099999904632568        1.0000039849108819     
   3.5199999809265137        1.0000037143920444     
   3.5299999713897705        1.0000034615452160     
   3.5399999618530273        1.0000032252651108     
   3.5499999523162842        1.0000030045121844     
   3.5599999427795410        1.0000027983089521     
   3.5699999332427979        1.0000026057364935     
   3.5799999237060547        1.0000024259311449     
   3.5899999141693115        1.0000022580813621     
   3.5999999046325684        1.0000021014247527     
   3.6099998950958252        1.0000019552452615     
   3.6199998855590820        1.0000018188705111     
   3.6299998760223389        1.0000016916692811     
   3.6399998664855957        1.0000015730491250     
   3.6499998569488525        1.0000014624541160     
   3.6599998474121094        1.0000013593627157     
   3.6699998378753662        1.0000012632857587     
   3.6799998283386230        1.0000011737645469     
   3.6899998188018799        1.0000010903690522     
   3.6999998092651367        1.0000010126962142     
   3.7099997997283936        1.0000009403683372     
   3.7200000286102295        1.0000008730300247     
   3.7300000190734863        1.0000008103530511     
   3.7400000095367432        1.0000007520253920     
   3.7500000000000000        1.0000006977564808     
   3.7599999904632568        1.0000006472743459     
   3.7699999809265137        1.0000006003244772     
   3.7799999713897705        1.0000005566687598     
   3.7899999618530273        1.0000005160844680     
   3.7999999523162842        1.0000004783633178     
   3.8099999427795410        1.0000004433105749     
   3.8199999332427979        1.0000004107442142     
   3.8299999237060547        1.0000003804941280     
   3.8399999141693115        1.0000003524013834     
   3.8499999046325684        1.0000003263175199     
   3.8599998950958252        1.0000003021038917     
   3.8699998855590820        1.0000002796310474     
   3.8799998760223389        1.0000002587781478     
   3.8899998664855957        1.0000002394324186     
   3.8999998569488525        1.0000002214886345     
   3.9099998474121094        1.0000002048486378     
   3.9199998378753662        1.0000001894208828     
   3.9299998283386230        1.0000001751200098     
   3.9399998188018799        1.0000001618664460     
   3.9499998092651367        1.0000001495860282     
   3.9599997997283936        1.0000001382096515     
   3.9700000286102295        1.0000001276726969     
   3.9800000190734863        1.0000001179157054     
   3.9900000095367432        1.0000001088825834     
   4.0000000000000000        1.0000001005213517     
   4.0099997520446777        1.0000000927838086     
   4.0199999809265137        1.0000000856244020     
   4.0299997329711914        1.0000000790019323     
   4.0399999618530273        1.0000000728768090     
   4.0499997138977051        1.0000000672133895     
   4.0599999427795410        1.0000000619774509     
   4.0699996948242188        1.0000000571381857     
   4.0799999237060547        1.0000000526660366     
   4.0899996757507324        1.0000000485343994     
   4.0999999046325684        1.0000000447177690     
   4.1100001335144043        1.0000000411930299     
   4.1199998855590820        1.0000000379386773     
   4.1300001144409180        1.0000000349343021     
   4.1399998664855957        1.0000000321615379     
   4.1500000953674316        1.0000000296028124     
   4.1599998474121094        1.0000000272423142     
   4.1700000762939453        1.0000000250649266     
   4.1799998283386230        1.0000000230570503     
   4.1900000572204590        1.0000000212056930     
   4.1999998092651367        1.0000000194991674     
   4.2100000381469727        1.0000000179263167     
   4.2199997901916504        1.0000000164771066     
   4.2300000190734863        1.0000000151419646     
   4.2399997711181641        1.0000000139122827     
   4.2500000000000000        1.0000000127798558     
   4.2599997520446777        1.0000000117373056     
   4.2699999809265137        1.0000000107776046     
   4.2799997329711914        1.0000000098944346     
   4.2899999618530273        1.0000000090817824     
   4.2999997138977051        1.0000000083342424     
   4.3099999427795410        1.0000000076466731     
   4.3199996948242188        1.0000000070144535     
   4.3299999237060547        1.0000000064331920     
   4.3399996757507324        1.0000000058989418     
   4.3499999046325684        1.0000000054079548     
   4.3600001335144043        1.0000000049568427     
   4.3699998855590820        1.0000000045424711     
   4.3800001144409180        1.0000000041618895     
   4.3899998664855957        1.0000000038124472     
   4.4000000953674316        1.0000000034916323     
   4.4099998474121094        1.0000000031971874     
   4.4200000762939453        1.0000000029269751     
   4.4299998283386230        1.0000000026790752     
   4.4400000572204590        1.0000000024516706     
   4.4499998092651367        1.0000000022431292     
   4.4600000381469727        1.0000000020519075     
   4.4699997901916504        1.0000000018766195     
   4.4800000190734863        1.0000000017159554     
   4.4899997711181641        1.0000000015687391     
   4.5000000000000000        1.0000000014338601     
   4.5099997520446777        1.0000000013103214     
   4.5199999809265137        1.0000000011971819     
   4.5299997329711914        1.0000000010935974     
   4.5399999618530273        1.0000000009987713     
   4.5499997138977051        1.0000000009119892     
   4.5599999427795410        1.0000000008325771     
   4.5699996948242188        1.0000000007599315     
   4.5799999237060547        1.0000000006934826     
   4.5899996757507324        1.0000000006327203     
   4.5999999046325684        1.0000000005771639     
   4.6100001335144043        1.0000000005263805     
   4.6199998855590820        1.0000000004799714     
   4.6300001144409180        1.0000000004375647     
   4.6399998664855957        1.0000000003988265     
   4.6500000953674316        1.0000000003634437     
   4.6599998474121094        1.0000000003311353     
   4.6700000762939453        1.0000000003016372     
   4.6799998283386230        1.0000000002747131     
   4.6900000572204590        1.0000000002501410     
   4.6999998092651367        1.0000000002277223     
   4.7100000381469727        1.0000000002072706     
   4.7199997901916504        1.0000000001886187     
   4.7300000190734863        1.0000000001716101     
   4.7399997711181641        1.0000000001561049     
   4.7500000000000000        1.0000000001419713     
   4.7599997520446777        1.0000000001290923     
   4.7699999809265137        1.0000000001173577     
   4.7799997329711914        1.0000000001066687     
   4.7899999618530273        1.0000000000969336     
   4.7999997138977051        1.0000000000880698     
   4.8099999427795410        1.0000000000800000     
   4.8199996948242188        1.0000000000726554     
   4.8299999237060547        1.0000000000659717     
   4.8399996757507324        1.0000000000598912     
   4.8499999046325684        1.0000000000543598     
   4.8599996566772461        1.0000000000493299     
   4.8699998855590820        1.0000000000447560     
   4.8800001144409180        1.0000000000405982     
   4.8899998664855957        1.0000000000368194     
   4.9000000953674316        1.0000000000333855     
   4.9099998474121094        1.0000000000302660     
   4.9200000762939453        1.0000000000274325     
   4.9299998283386230        1.0000000000248592     
   4.9400000572204590        1.0000000000225227     
   4.9499998092651367        1.0000000000204019     
   4.9600000381469727        1.0000000000184770     
   4.9699997901916504        1.0000000000167304     
   4.9800000190734863        1.0000000000151459     
   4.9899997711181641        1.0000000000137086     
   5.0000000000000000        1.0000000000124054     
