  -5.0000000000000000        13.000000395044646     
  -4.9899997711181641        13.000000431050987     
  -4.9800000190734863        13.000000470229779     
  -4.9699997901916504        13.000000512854507     
  -4.9600000381469727        13.000000559212841     
  -4.9499998092651367        13.000000609624665     
  -4.9400000572204590        13.000000664426167     
  -4.9299998283386230        13.000000723991111     
  -4.9200000762939453        13.000000788711965     
  -4.9099998474121094        13.000000859024997     
  -4.9000000953674316        13.000000935387908     
  -4.8899998664855957        13.000001018309382     
  -4.8800001144409180        13.000001108322630     
  -4.8699998855590820        13.000001206020155     
  -4.8599996566772461        13.000001312027747     
  -4.8499999046325684        13.000001427019017     
  -4.8399996757507324        13.000001551737316     
  -4.8299999237060547        13.000001686960116     
  -4.8199996948242188        13.000001833550979     
  -4.8099999427795410        13.000001992412276     
  -4.7999997138977051        13.000002164546151     
  -4.7899999618530273        13.000002350998832     
  -4.7799997329711914        13.000002552932038     
  -4.7699999809265137        13.000002771557483     
  -4.7599997520446777        13.000003008220443     
  -4.7500000000000000        13.000003264322769     
  -4.7399997711181641        13.000003541420634     
  -4.7300000190734863        13.000003841134113     
  -4.7199997901916504        13.000004165261387     
  -4.7100000381469727        13.000004515672694     
  -4.6999998092651367        13.000004894443627     
  -4.6900000572204590        13.000005303730852     
  -4.6799998283386230        13.000005745927570     
  -4.6700000762939453        13.000006223518026     
  -4.6599998474121094        13.000006739258625     
  -4.6500000953674316        13.000007296007793     
  -4.6399998664855957        13.000007896936793     
  -4.6300001144409180        13.000008545330957     
  -4.6199998855590820        13.000009244834848     
  -4.6100001335144043        13.000009999220268     
  -4.5999999046325684        13.000010812671094     
  -4.5899996757507324        13.000011689556208     
  -4.5799999237060547        13.000012634543102     
  -4.5699996948242188        13.000013652767224     
  -4.5599999427795410        13.000014749529470     
  -4.5499997138977051        13.000015930708868     
  -4.5399999618530273        13.000017202367374     
  -4.5299997329711914        13.000018571227736     
  -4.5199999809265137        13.000020044214372     
  -4.5099997520446777        13.000021629006184     
  -4.5000000000000000        13.000023333503746     
  -4.4899997711181641        13.000025166468191     
  -4.4800000190734863        13.000027136903523     
  -4.4699997901916504        13.000029254794283     
  -4.4600000381469727        13.000031530390189     
  -4.4499998092651367        13.000033975057034     
  -4.4400000572204590        13.000036600449082     
  -4.4299998283386230        13.000039419489614     
  -4.4200000762939453        13.000042445414454     
  -4.4099998474121094        13.000045692900851     
  -4.4000000953674316        13.000049176963206     
  -4.3899998664855957        13.000052914251439     
  -4.3800001144409180        13.000056921777443     
  -4.3699998855590820        13.000061218406914     
  -4.3600001335144043        13.000065823392109     
  -4.3499999046325684        13.000070758084297     
  -4.3399996757507324        13.000076044505944     
  -4.3299999237060547        13.000081706010377     
  -4.3199996948242188        13.000087768247640     
  -4.3099999427795410        13.000094257310911     
  -4.2999997138977051        13.000101202143677     
  -4.2899999618530273        13.000108632151175     
  -4.2799997329711914        13.000116579954069     
  -4.2699999809265137        13.000125078649553     
  -4.2599997520446777        13.000134164958276     
  -4.2500000000000000        13.000143876087062     
  -4.2399997711181641        13.000154253321647     
  -4.2300000190734863        13.000165338436890     
  -4.2199997901916504        13.000177177794376     
  -4.2100000381469727        13.000189818239202     
  -4.1999998092651367        13.000203311768725     
  -4.1900000572204590        13.000217710847480     
  -4.1799998283386230        13.000233073721329     
  -4.1700000762939453        13.000249459073713     
  -4.1599998474121094        13.000266932068325     
  -4.1500000953674316        13.000285558260604     
  -4.1399998664855957        13.000305410461859     
  -4.1300001144409180        13.000326561809660     
  -4.1199998855590820        13.000349093557144     
  -4.1100001335144043        13.000373087194617     
  -4.0999999046325684        13.000398633279708     
  -4.0899996757507324        13.000425823827216     
  -4.0799999237060547        13.000454755622648     
  -4.0699996948242188        13.000485534957702     
  -4.0599999427795410        13.000518268003670     
  -4.0499997138977051        13.000553072839420     
  -4.0399999618530273        13.000590067211277     
  -4.0299997329711914        13.000629382119211     
  -4.0199999809265137        13.000671147968694     
  -4.0099997520446777        13.000715509900996     
  -4.0000000000000000        13.000762612142957     
  -3.9900000095367432        13.000812614059251     
  -3.9800000190734863        13.000865678624914     
  -3.9700000286102295        13.000921978221079     
  -3.9599997997283936        13.000981695369596     
  -3.9499998092651367        13.001045017327392     
  -3.9399998188018799        13.001112145003521     
  -3.9299998283386230        13.001183287743883     
  -3.9199998378753662        13.001258665118327     
  -3.9099998474121094        13.001338507337261     
  -3.8999998569488525        13.001423055680085     
  -3.8899998664855957        13.001512562935453     
  -3.8799998760223389        13.001607293853333     
  -3.8699998855590820        13.001707525608843     
  -3.8599998950958252        13.001813548277754     
  -3.8499999046325684        13.001925665323558     
  -3.8399999141693115        13.002044194095971     
  -3.8299999237060547        13.002169466340655     
  -3.8199999332427979        13.002301828719979     
  -3.8099999427795410        13.002441643344511     
  -3.7999999523162842        13.002589288314978     
  -3.7899999618530273        13.002745158274292     
  -3.7799999713897705        13.002909664969300     
  -3.7699999809265137        13.003083237821750     
  -3.7599999904632568        13.003266324507996     
  -3.7500000000000000        13.003459391546885     
  -3.7400000095367432        13.003662924895192     
  -3.7300000190734863        13.003877430549913     
  -3.7200000286102295        13.004103435156708     
  -3.7099997997283936        13.004341492447328     
  -3.6999998092651367        13.004592160870809     
  -3.6899998188018799        13.004856038248347     
  -3.6799998283386230        13.005133739997747     
  -3.6699998378753662        13.005425905288655     
  -3.6599998474121094        13.005733197668199     
  -3.6499998569488525        13.006056305685537     
  -3.6399998664855957        13.006395943513949     
  -3.6299998760223389        13.006752851569077     
  -3.6199998855590820        13.007127797121731     
  -3.6099998950958252        13.007521574903711     
  -3.5999999046325684        13.007935007704878     
  -3.5899999141693115        13.008368946959711     
  -3.5799999237060547        13.008824273321430     
  -3.5699999332427979        13.009301897221695     
  -3.5599999427795410        13.009802759413777     
  -3.5499999523162842        13.010327831496996     
  -3.5399999618530273        13.010878116420143     
  -3.5299999713897705        13.011454648961445     
  -3.5199999809265137        13.012058496182602     
  -3.5099999904632568        13.012690757854237     
  -3.5000000000000000        13.013352566850086     
  -3.4900000095367432        13.014045089507055     
  -3.4800000190734863        13.014769525948251     
  -3.4700000286102295        13.015527110365932     
  -3.4600000381469727        13.016319111261248     
  -3.4499998092651367        13.017146851808334     
  -3.4399998188018799        13.018011630214382     
  -3.4299998283386230        13.018914838168625     
  -3.4199998378753662        13.019857882826479     
  -3.4099998474121094        13.020842206086103     
  -3.3999998569488525        13.021869284497511     
  -3.3899998664855957        13.022940629103832     
  -3.3799998760223389        13.024057785210850     
  -3.3699998855590820        13.025222332080865     
  -3.3599998950958252        13.026435882546872     
  -3.3499999046325684        13.027700082542994     
  -3.3399999141693115        13.029016610547028     
  -3.3299999237060547        13.030387176930935     
  -3.3199999332427979        13.031813523215051     
  -3.3099999427795410        13.033297421221789     
  -3.2999999523162842        13.034840672124533     
  -3.2899999618530273        13.036445105387470     
  -3.2799999713897705        13.038112577592065     
  -3.2699999809265137        13.039844971145900     
  -3.2599999904632568        13.041644192869635     
  -3.2500000000000000        13.043512172457849     
  -3.2400000095367432        13.045450860809630     
  -3.2300000190734863        13.047462228224758     
  -3.2200000286102295        13.049548262461458     
  -3.2100000381469727        13.051710966651809     
  -3.1999998092651367        13.053952411464003     
  -3.1899998188018799        13.056274517097831     
  -3.1799998283386230        13.058679371311808     
  -3.1699998378753662        13.061169014908302     
  -3.1599998474121094        13.063745491375139     
  -3.1499998569488525        13.066410843871047     
  -3.1399998664855957        13.069167112045067     
  -3.1299998760223389        13.072016328687319     
  -3.1199998855590820        13.074960516208803     
  -3.1099998950958252        13.078001682948129     
  -3.0999999046325684        13.081141819303479     
  -3.0899999141693115        13.084382893688282     
  -3.0799999237060547        13.087726848309559     
  -3.0699999332427979        13.091175594768167     
  -3.0599999427795410        13.094731009480613     
  -3.0499999523162842        13.098394928922499     
  -3.0399999618530273        13.102169144694081     
  -3.0299999713897705        13.106055398408920     
  -3.0199999809265137        13.110055376407056     
  -3.0099999904632568        13.114170704294640     
  -3.0000000000000000        13.118402941312500     
  -2.9900000095367432        13.122753574536656     
  -2.9800000190734863        13.127224012914382     
  -2.9700000286102295        13.131815581140007     
  -2.9600000381469727        13.136529513375233     
  -2.9500000476837158        13.141366946819451     
  -2.9399998188018799        13.146329034930933     
  -2.9299998283386230        13.151416464538000     
  -2.9199998378753662        13.156630158781557     
  -2.9099998474121094        13.161970799938976     
  -2.8999998569488525        13.167438939163778     
  -2.8899998664855957        13.173034989308150     
  -2.8799998760223389        13.178759217652935     
  -2.8699998855590820        13.184611738556299     
  -2.8599998950958252        13.190592506033028     
  -2.8499999046325684        13.196701306277188     
  -2.8399999141693115        13.202937750141741     
  -2.8299999237060547        13.209301265589433     
  -2.8199999332427979        13.215791090130125     
  -2.8099999427795410        13.222406263260526     
  -2.7999999523162842        13.229145618923102     
  -2.7899999618530273        13.236007778001696     
  -2.7799999713897705        13.242991140872265     
  -2.7699999809265137        13.250093880027825     
  -2.7599999904632568        13.257313932797539     
  -2.7500000000000000        13.264648994180634     
  -2.7400000095367432        13.272096509816507     
  -2.7300000190734863        13.279653669113181     
  -2.7200000286102295        13.287317398556914     
  -2.7100000381469727        13.295084355226432     
  -2.7000000476837158        13.302950920535906     
  -2.6900000572204590        13.310913194231389     
  -2.6799998283386230        13.318967181739584     
  -2.6699998378753662        13.327108018472460     
  -2.6599998474121094        13.335331117003618     
  -2.6499998569488525        13.343631396327769     
  -2.6399998664855957        13.352003468457017     
  -2.6299998760223389        13.360441634485190     
  -2.6199998855590820        13.368939881091716     
  -2.6099998950958252        13.377491877512833     
  -2.5999999046325684        13.386090973008113     
  -2.5899999141693115        13.394730194850242     
  -2.5799999237060547        13.403402246866104     
  -2.5699999332427979        13.412099508556981     
  -2.5599999427795410        13.420814034825588     
  -2.5499999523162842        13.429537556337371     
  -2.5399999618530273        13.438261480543133     
  -2.5299999713897705        13.446976893389616     
  -2.5199999809265137        13.455674561744106     
  -2.5099999904632568        13.464344936558524     
  -2.5000000000000000        13.472978156797705     
  -2.4900000095367432        13.481564054155729     
  -2.4800000190734863        13.490092158583218     
  -2.4700000286102295        13.498551704647490     
  -2.4600000381469727        13.506931638746261     
  -2.4500000476837158        13.515220627194374     
  -2.4400000572204590        13.523407065201573     
  -2.4299998283386230        13.531479277750323     
  -2.4199998378753662        13.539424763271226     
  -2.4099998474121094        13.547231360533351     
  -2.3999998569488525        13.554886488465977     
  -2.3899998664855957        13.562377353670474     
  -2.3799998760223389        13.569690965032718     
  -2.3699998855590820        13.576814149305084     
  -2.3599998950958252        13.583733567661053     
  -2.3499999046325684        13.590435733223103     
  -2.3399999141693115        13.596907029562093     
  -2.3299999237060547        13.603133730163725     
  -2.3199999332427979        13.609102018855108     
  -2.3099999427795410        13.614798011181581     
  -2.2999999523162842        13.620207776721180     
  -2.2899999618530273        13.625317362321182     
  -2.2799999713897705        13.630112816238148     
  -2.2699999809265137        13.634580213159847     
  -2.2599999904632568        13.638705680084264     
  -2.2500000000000000        13.642475423027721     
  -2.2400000095367432        13.645875754530891     
  -2.2300000190734863        13.648893121928225     
  -2.2200000286102295        13.651514136342900     
  -2.2100000381469727        13.653725602366197     
  -2.2000000476837158        13.655514548376697     
  -2.1900000572204590        13.656868257451420     
  -2.1800000667572021        13.657774298817657     
  -2.1699998378753662        13.658220564855165     
  -2.1599998474121094        13.658195271825081     
  -2.1499998569488525        13.657687056861425     
  -2.1399998664855957        13.656684957153120     
  -2.1299998760223389        13.655178459381990     
  -2.1199998855590820        13.653157533156685     
  -2.1099998950958252        13.650612664536784     
  -2.0999999046325684        13.647534889570336     
  -2.0899999141693115        13.643915827765337     
  -2.0799999237060547        13.639747715412884     
  -2.0699999332427979        13.635023438677226     
  -2.0599999427795410        13.629736566365501     
  -2.0499999523162842        13.623881382287728     
  -2.0399999618530273        13.617452917115484     
  -2.0299999713897705        13.610446979645921     
  -2.0199999809265137        13.602860187375930     
  -2.0099999904632568        13.594689996289958     
  -2.0000000000000000        13.585934729763620     
  -1.9900000095367432        13.576593606484259     
  -1.9799998998641968        13.566666645463799     
  -1.9699999094009399        13.556155172035259     
  -1.9599999189376831        13.545061132181841     
  -1.9499999284744263        13.533387581900154     
  -1.9399999380111694        13.521138593858360     
  -1.9299999475479126        13.508319277319103     
  -1.9199999570846558        13.494935796381558     
  -1.9099999666213989        13.480995386445509     
  -1.8999999761581421        13.466506368802019     
  -1.8899999856948853        13.451478163257113     
  -1.8799999952316284        13.435921298697235     
  -1.8700000047683716        13.419847421507766     
  -1.8600000143051147        13.403269301758920     
  -1.8499999046325684        13.386200630740253     
  -1.8399999141693115        13.368656842210505     
  -1.8299999237060547        13.350653890304024     
  -1.8199999332427979        13.332209054243156     
  -1.8099999427795410        13.313340731624109     
  -1.7999999523162842        13.294068429615281     
  -1.7899999618530273        13.274412753434467     
  -1.7799999713897705        13.254395392055157     
  -1.7699999809265137        13.234039101098258     
  -1.7599999904632568        13.213367682871793     
  -1.7500000000000000        13.192405963527856     
  -1.7400000095367432        13.171179767312964     
  -1.7300000190734863        13.149715887895162     
  -1.7199999094009399        13.128041797247779     
  -1.7099999189376831        13.106186647166840     
  -1.6999999284744263        13.084179681057464     
  -1.6899999380111694        13.062051224932960     
  -1.6799999475479126        13.039832386969143     
  -1.6699999570846558        13.017555011377802     
  -1.6599999666213989        12.995251629462581     
  -1.6499999761581421        12.972955407906502     
  -1.6399999856948853        12.950700094349203     
  -1.6299999952316284        12.928519960321118     
  -1.6200000047683716        12.906449741610814     
  -1.6100000143051147        12.884524576150929     
  -1.5999999046325684        12.862779681518523     
  -1.5899999141693115        12.841251322937552     
  -1.5799999237060547        12.819975188385088     
  -1.5699999332427979        12.798987357100664     
  -1.5599999427795410        12.778323966300494     
  -1.5499999523162842        12.758021136475644     
  -1.5399999618530273        12.738114895058525     
  -1.5299999713897705        12.718641098613649     
  -1.5199999809265137        12.699635353716713     
  -1.5099999904632568        12.681132936693826     
  -1.5000000000000000        12.663168712400111     
  -1.4900000095367432        12.645777052224174     
  -1.4800000190734863        12.628991751511533     
  -1.4699999094009399        12.612845758074634     
  -1.4599999189376831        12.597371851385885     
  -1.4499999284744263        12.582601404059524     
  -1.4399999380111694        12.568565076975521     
  -1.4299999475479126        12.555292540551848     
  -1.4199999570846558        12.542812393061746     
  -1.4099999666213989        12.531152079873447     
  -1.3999999761581421        12.520337813842470     
  -1.3899999856948853        12.510394497088685     
  -1.3799999952316284        12.501345644391735     
  -1.3700000047683716        12.493213308439174     
  -1.3600000143051147        12.486018007161682     
  -1.3500000238418579        12.479778653389186     
  -1.3399999141693115        12.474512430146593     
  -1.3299999237060547        12.470234965172324     
  -1.3199999332427979        12.466959891978792     
  -1.3099999427795410        12.464699054032176     
  -1.2999999523162842        12.463462380834377     
  -1.2899999618530273        12.463257836284301     
  -1.2799999713897705        12.464091370916115     
  -1.2699999809265137        12.465966878216276     
  -1.2599999904632568        12.468886155213703     
  -1.2500000000000000        12.472848867529322     
  -1.2400000095367432        12.477852519062328     
  -1.2300000190734863        12.483892426480802     
  -1.2200000286102295        12.490961698674099     
  -1.2099999189376831        12.499051323786366     
  -1.1999999284744263        12.508149761077787     
  -1.1899999380111694        12.518243514904178     
  -1.1799999475479126        12.529316761642271     
  -1.1699999570846558        12.541351446275588     
  -1.1599999666213989        12.554327294257643     
  -1.1499999761581421        12.568221829093277     
  -1.1399999856948853        12.583010395689728     
  -1.1299999952316284        12.598666189513494     
  -1.1200000047683716        12.615160291572948     
  -1.1100000143051147        12.632461709230292     
  -1.1000000238418579        12.650537422829670     
  -1.0900000333786011        12.669352438111305     
  -1.0799999237060547        12.688870081064477     
  -1.0699999332427979        12.709051122626024     
  -1.0599999427795410        12.729855244787542     
  -1.0499999523162842        12.751240192690222     
  -1.0399999618530273        12.773162083463239     
  -1.0299999713897705        12.795575491746749     
  -1.0199999809265137        12.818433540301529     
  -1.0099999904632568        12.841687995535544     
  -1.0000000000000000        12.865289367760681     
 -0.98999994993209839        12.889187159198121     
 -0.97999995946884155        12.913329401482439     
 -0.96999996900558472        12.937663623932510     
 -0.95999997854232788        12.962136402177482     
 -0.94999998807907104        12.986693620299100     
 -0.93999999761581421        13.011280594636965     
 -0.93000000715255737        13.035842200571105     
 -0.91999995708465576        13.060323147539970     
 -0.90999996662139893        13.084667527599722     
 -0.89999997615814209        13.108819825244048     
 -0.88999998569488525        13.132724468362882     
 -0.87999999523162842        13.156326111273719     
 -0.87000000476837158        13.179569772502228     
 -0.85999995470046997        13.202401107904540     
 -0.84999996423721313        13.224766007328510     
 -0.83999997377395630        13.246611550032490     
 -0.82999998331069946        13.267885595390251     
 -0.81999999284744263        13.288537057199024     
 -0.81000000238418579        13.308516039289019     
 -0.79999995231628418        13.327774081952214     
 -0.78999996185302734        13.346263838823360     
 -0.77999997138977051        13.363939895280474     
 -0.76999998092651367        13.380758431031621     
 -0.75999999046325684        13.396677460178443     
 -0.75000000000000000        13.411656950633958     
 -0.74000000953674316        13.425658939503499     
 -0.72999995946884155        13.438647718393529     
 -0.71999996900558472        13.450589635968946     
 -0.70999997854232788        13.461453663873661     
 -0.69999998807907104        13.471211176436732     
 -0.68999999761581421        13.479836121039378     
 -0.68000000715255737        13.487305101929527     
 -0.66999995708465576        13.493597491623079     
 -0.65999996662139893        13.498695358673510     
 -0.64999997615814209        13.502583756730212     
 -0.63999998569488525        13.505250624071065     
 -0.62999999523162842        13.506686873946599     
 -0.62000000476837158        13.506886436296659     
 -0.61000001430511475        13.505846291684735     
 -0.59999996423721313        13.503566480006954     
 -0.58999997377395630        13.500050180149096     
 -0.57999998331069946        13.495303638115397     
 -0.56999999284744263        13.489336215387626     
 -0.56000000238418579        13.482160372035464     
 -0.55000001192092896        13.473791651297390     
 -0.53999996185302734        13.464248595374277     
 -0.52999997138977051        13.453552947671236     
 -0.51999998092651367        13.441729270586643     
 -0.50999999046325684        13.428805117075370     
 -0.50000000000000000        13.414810919860813     
 -0.48999997973442078        13.399779879558292     
 -0.47999998927116394        13.383748073346137     
 -0.46999999880790710        13.366754104503128     
 -0.45999997854232788        13.348839134654472     
 -0.44999998807907104        13.330046960072760     
 -0.43999999761581421        13.310423587084204     
 -0.42999997735023499        13.290017270008905     
 -0.41999998688697815        13.268878586889249     
 -0.40999999642372131        13.247059950047792     
 -0.39999997615814209        13.224615648948083     
 -0.38999998569488525        13.201601923689282     
 -0.37999999523162842        13.178076421683739     
 -0.37000000476837158        13.154098316727980     
 -0.35999998450279236        13.129728018371742     
 -0.34999999403953552        13.105027307870197     
 -0.34000000357627869        13.080058742524104     
 -0.32999998331069946        13.054885706962182     
 -0.31999999284744263        13.029572475826500     
 -0.31000000238418579        13.004183594902038     
 -0.29999998211860657        12.978783934696708     
 -0.28999999165534973        12.953438746541890     
 -0.28000000119209290        12.928213035075171     
 -0.26999998092651367        12.903171613337298     
 -0.25999999046325684        12.878379151412886     
 -0.25000000000000000        12.853899555173300     
 -0.23999999463558197        12.829796057720454     
 -0.22999998927116394        12.806131081877702     
 -0.21999999880790710        12.782965996125034     
 -0.20999999344348907        12.760360847587677     
 -0.19999998807907104        12.738374405822185     
 -0.18999999761581421        12.717063895069002     
 -0.17999999225139618        12.696484746974789     
 -0.17000000178813934        12.676690668323612     
 -0.15999999642372131        12.657733249079334     
 -0.14999999105930328        12.639662029975749     
 -0.14000000059604645        12.622524271980780     
 -0.12999999523162842        12.606364755577996     
 -0.11999999731779099        12.591225821389976     
 -0.10999999940395355        12.577147115518123     
  -9.9999994039535522E-002   12.564165532748353     
  -8.9999996125698090E-002   12.552315139932583     
  -7.9999998211860657E-002   12.541627023648671     
  -7.0000000298023224E-002   12.532129243563796     
  -5.9999998658895493E-002   12.523846741676294     
  -4.9999997019767761E-002   12.516801282588236     
  -3.9999999105930328E-002   12.511011384593733     
  -2.9999999329447746E-002   12.506492264561533     
  -1.9999999552965164E-002   12.503255805934874     
  -9.9999997764825821E-003   12.501310519716274     
   0.0000000000000000        12.500661521994830     
   9.9999997764825821E-003   12.501310519716274     
   1.9999999552965164E-002   12.503255805934874     
   2.9999999329447746E-002   12.506492264561533     
   3.9999999105930328E-002   12.511011384593733     
   4.9999997019767761E-002   12.516801282588236     
   5.9999998658895493E-002   12.523846741676294     
   7.0000000298023224E-002   12.532129243563796     
   7.9999998211860657E-002   12.541627023648671     
   8.9999996125698090E-002   12.552315139932583     
   9.9999994039535522E-002   12.564165532748353     
  0.10999999940395355        12.577147115518123     
  0.11999999731779099        12.591225821389976     
  0.12999999523162842        12.606364755577996     
  0.14000000059604645        12.622524271980780     
  0.14999999105930328        12.639662029975749     
  0.15999999642372131        12.657733249079334     
  0.17000000178813934        12.676690668323612     
  0.17999999225139618        12.696484746974789     
  0.18999999761581421        12.717063895069002     
  0.19999998807907104        12.738374405822185     
  0.20999999344348907        12.760360847587677     
  0.21999999880790710        12.782965996125034     
  0.22999998927116394        12.806131081877702     
  0.23999999463558197        12.829796057720454     
  0.25000000000000000        12.853899555173300     
  0.25999999046325684        12.878379151412886     
  0.26999998092651367        12.903171613337298     
  0.28000000119209290        12.928213035075171     
  0.28999999165534973        12.953438746541890     
  0.29999998211860657        12.978783934696708     
  0.31000000238418579        13.004183594902038     
  0.31999999284744263        13.029572475826500     
  0.32999998331069946        13.054885706962182     
  0.34000000357627869        13.080058742524104     
  0.34999999403953552        13.105027307870197     
  0.35999998450279236        13.129728018371742     
  0.37000000476837158        13.154098316727980     
  0.37999999523162842        13.178076421683739     
  0.38999998569488525        13.201601923689282     
  0.39999997615814209        13.224615648948083     
  0.40999999642372131        13.247059950047792     
  0.41999998688697815        13.268878586889249     
  0.42999997735023499        13.290017270008905     
  0.43999999761581421        13.310423587084204     
  0.44999998807907104        13.330046960072760     
  0.45999997854232788        13.348839134654472     
  0.46999999880790710        13.366754104503128     
  0.47999998927116394        13.383748073346137     
  0.48999997973442078        13.399779879558292     
  0.50000000000000000        13.414810919860813     
  0.50999999046325684        13.428805117075370     
  0.51999998092651367        13.441729270586643     
  0.52999997138977051        13.453552947671236     
  0.53999996185302734        13.464248595374277     
  0.55000001192092896        13.473791651297390     
  0.56000000238418579        13.482160372035464     
  0.56999999284744263        13.489336215387626     
  0.57999998331069946        13.495303638115397     
  0.58999997377395630        13.500050180149096     
  0.59999996423721313        13.503566480006954     
  0.61000001430511475        13.505846291684735     
  0.62000000476837158        13.506886436296659     
  0.62999999523162842        13.506686873946599     
  0.63999998569488525        13.505250624071065     
  0.64999997615814209        13.502583756730212     
  0.65999996662139893        13.498695358673510     
  0.66999995708465576        13.493597491623079     
  0.68000000715255737        13.487305101929527     
  0.68999999761581421        13.479836121039378     
  0.69999998807907104        13.471211176436732     
  0.70999997854232788        13.461453663873661     
  0.71999996900558472        13.450589635968946     
  0.72999995946884155        13.438647718393529     
  0.74000000953674316        13.425658939503499     
  0.75000000000000000        13.411656950633958     
  0.75999999046325684        13.396677460178443     
  0.76999998092651367        13.380758431031621     
  0.77999997138977051        13.363939895280474     
  0.78999996185302734        13.346263838823360     
  0.79999995231628418        13.327774081952214     
  0.81000000238418579        13.308516039289019     
  0.81999999284744263        13.288537057199024     
  0.82999998331069946        13.267885595390251     
  0.83999997377395630        13.246611550032490     
  0.84999996423721313        13.224766007328510     
  0.85999995470046997        13.202401107904540     
  0.87000000476837158        13.179569772502228     
  0.87999999523162842        13.156326111273719     
  0.88999998569488525        13.132724468362882     
  0.89999997615814209        13.108819825244048     
  0.90999996662139893        13.084667527599722     
  0.91999995708465576        13.060323147539970     
  0.93000000715255737        13.035842200571105     
  0.93999999761581421        13.011280594636965     
  0.94999998807907104        12.986693620299100     
  0.95999997854232788        12.962136402177482     
  0.96999996900558472        12.937663623932510     
  0.97999995946884155        12.913329401482439     
  0.98999994993209839        12.889187159198121     
   1.0000000000000000        12.865289367760681     
   1.0099999904632568        12.841687995535544     
   1.0199999809265137        12.818433540301529     
   1.0299999713897705        12.795575491746749     
   1.0399999618530273        12.773162083463239     
   1.0499999523162842        12.751240192690222     
   1.0599999427795410        12.729855244787542     
   1.0699999332427979        12.709051122626024     
   1.0799999237060547        12.688870081064477     
   1.0900000333786011        12.669352438111305     
   1.1000000238418579        12.650537422829670     
   1.1100000143051147        12.632461709230292     
   1.1200000047683716        12.615160291572948     
   1.1299999952316284        12.598666189513494     
   1.1399999856948853        12.583010395689728     
   1.1499999761581421        12.568221829093277     
   1.1599999666213989        12.554327294257643     
   1.1699999570846558        12.541351446275588     
   1.1799999475479126        12.529316761642271     
   1.1899999380111694        12.518243514904178     
   1.1999999284744263        12.508149761077787     
   1.2099999189376831        12.499051323786366     
   1.2200000286102295        12.490961698674099     
   1.2300000190734863        12.483892426480802     
   1.2400000095367432        12.477852519062328     
   1.2500000000000000        12.472848867529322     
   1.2599999904632568        12.468886155213703     
   1.2699999809265137        12.465966878216276     
   1.2799999713897705        12.464091370916115     
   1.2899999618530273        12.463257836284301     
   1.2999999523162842        12.463462380834377     
   1.3099999427795410        12.464699054032176     
   1.3199999332427979        12.466959891978792     
   1.3299999237060547        12.470234965172324     
   1.3399999141693115        12.474512430146593     
   1.3500000238418579        12.479778653389186     
   1.3600000143051147        12.486018007161682     
   1.3700000047683716        12.493213308439174     
   1.3799999952316284        12.501345644391735     
   1.3899999856948853        12.510394497088685     
   1.3999999761581421        12.520337813842470     
   1.4099999666213989        12.531152079873447     
   1.4199999570846558        12.542812393061746     
   1.4299999475479126        12.555292540551848     
   1.4399999380111694        12.568565076975521     
   1.4499999284744263        12.582601404059524     
   1.4599999189376831        12.597371851385885     
   1.4699999094009399        12.612845758074634     
   1.4800000190734863        12.628991751511533     
   1.4900000095367432        12.645777052224174     
   1.5000000000000000        12.663168712400111     
   1.5099999904632568        12.681132936693826     
   1.5199999809265137        12.699635353716713     
   1.5299999713897705        12.718641098613649     
   1.5399999618530273        12.738114895058525     
   1.5499999523162842        12.758021136475644     
   1.5599999427795410        12.778323966300494     
   1.5699999332427979        12.798987357100664     
   1.5799999237060547        12.819975188385088     
   1.5899999141693115        12.841251322937552     
   1.5999999046325684        12.862779681518523     
   1.6100000143051147        12.884524576150929     
   1.6200000047683716        12.906449741610814     
   1.6299999952316284        12.928519960321118     
   1.6399999856948853        12.950700094349203     
   1.6499999761581421        12.972955407906502     
   1.6599999666213989        12.995251629462581     
   1.6699999570846558        13.017555011377802     
   1.6799999475479126        13.039832386969143     
   1.6899999380111694        13.062051224932960     
   1.6999999284744263        13.084179681057464     
   1.7099999189376831        13.106186647166840     
   1.7199999094009399        13.128041797247779     
   1.7300000190734863        13.149715887895162     
   1.7400000095367432        13.171179767312964     
   1.7500000000000000        13.192405963527856     
   1.7599999904632568        13.213367682871793     
   1.7699999809265137        13.234039101098258     
   1.7799999713897705        13.254395392055157     
   1.7899999618530273        13.274412753434467     
   1.7999999523162842        13.294068429615281     
   1.8099999427795410        13.313340731624109     
   1.8199999332427979        13.332209054243156     
   1.8299999237060547        13.350653890304024     
   1.8399999141693115        13.368656842210505     
   1.8499999046325684        13.386200630740253     
   1.8600000143051147        13.403269301758920     
   1.8700000047683716        13.419847421507766     
   1.8799999952316284        13.435921298697235     
   1.8899999856948853        13.451478163257113     
   1.8999999761581421        13.466506368802019     
   1.9099999666213989        13.480995386445509     
   1.9199999570846558        13.494935796381558     
   1.9299999475479126        13.508319277319103     
   1.9399999380111694        13.521138593858360     
   1.9499999284744263        13.533387581900154     
   1.9599999189376831        13.545061132181841     
   1.9699999094009399        13.556155172035259     
   1.9799998998641968        13.566666645463799     
   1.9900000095367432        13.576593606484259     
   2.0000000000000000        13.585934729763620     
   2.0099999904632568        13.594689996289958     
   2.0199999809265137        13.602860187375930     
   2.0299999713897705        13.610446979645921     
   2.0399999618530273        13.617452917115484     
   2.0499999523162842        13.623881382287728     
   2.0599999427795410        13.629736566365501     
   2.0699999332427979        13.635023438677226     
   2.0799999237060547        13.639747715412884     
   2.0899999141693115        13.643915827765337     
   2.0999999046325684        13.647534889570336     
   2.1099998950958252        13.650612664536784     
   2.1199998855590820        13.653157533156685     
   2.1299998760223389        13.655178459381990     
   2.1399998664855957        13.656684957153120     
   2.1499998569488525        13.657687056861425     
   2.1599998474121094        13.658195271825081     
   2.1699998378753662        13.658220564855165     
   2.1800000667572021        13.657774298817657     
   2.1900000572204590        13.656868257451420     
   2.2000000476837158        13.655514548376697     
   2.2100000381469727        13.653725602366197     
   2.2200000286102295        13.651514136342900     
   2.2300000190734863        13.648893121928225     
   2.2400000095367432        13.645875754530891     
   2.2500000000000000        13.642475423027721     
   2.2599999904632568        13.638705680084264     
   2.2699999809265137        13.634580213159847     
   2.2799999713897705        13.630112816238148     
   2.2899999618530273        13.625317362321182     
   2.2999999523162842        13.620207776721180     
   2.3099999427795410        13.614798011181581     
   2.3199999332427979        13.609102018855108     
   2.3299999237060547        13.603133730163725     
   2.3399999141693115        13.596907029562093     
   2.3499999046325684        13.590435733223103     
   2.3599998950958252        13.583733567661053     
   2.3699998855590820        13.576814149305084     
   2.3799998760223389        13.569690965032718     
   2.3899998664855957        13.562377353670474     
   2.3999998569488525        13.554886488465977     
   2.4099998474121094        13.547231360533351     
   2.4199998378753662        13.539424763271226     
   2.4299998283386230        13.531479277750323     
   2.4400000572204590        13.523407065201573     
   2.4500000476837158        13.515220627194374     
   2.4600000381469727        13.506931638746261     
   2.4700000286102295        13.498551704647490     
   2.4800000190734863        13.490092158583218     
   2.4900000095367432        13.481564054155729     
   2.5000000000000000        13.472978156797705     
   2.5099999904632568        13.464344936558524     
   2.5199999809265137        13.455674561744106     
   2.5299999713897705        13.446976893389616     
   2.5399999618530273        13.438261480543133     
   2.5499999523162842        13.429537556337371     
   2.5599999427795410        13.420814034825588     
   2.5699999332427979        13.412099508556981     
   2.5799999237060547        13.403402246866104     
   2.5899999141693115        13.394730194850242     
   2.5999999046325684        13.386090973008113     
   2.6099998950958252        13.377491877512833     
   2.6199998855590820        13.368939881091716     
   2.6299998760223389        13.360441634485190     
   2.6399998664855957        13.352003468457017     
   2.6499998569488525        13.343631396327769     
   2.6599998474121094        13.335331117003618     
   2.6699998378753662        13.327108018472460     
   2.6799998283386230        13.318967181739584     
   2.6900000572204590        13.310913194231389     
   2.7000000476837158        13.302950920535906     
   2.7100000381469727        13.295084355226432     
   2.7200000286102295        13.287317398556914     
   2.7300000190734863        13.279653669113181     
   2.7400000095367432        13.272096509816507     
   2.7500000000000000        13.264648994180634     
   2.7599999904632568        13.257313932797539     
   2.7699999809265137        13.250093880027825     
   2.7799999713897705        13.242991140872265     
   2.7899999618530273        13.236007778001696     
   2.7999999523162842        13.229145618923102     
   2.8099999427795410        13.222406263260526     
   2.8199999332427979        13.215791090130125     
   2.8299999237060547        13.209301265589433     
   2.8399999141693115        13.202937750141741     
   2.8499999046325684        13.196701306277188     
   2.8599998950958252        13.190592506033028     
   2.8699998855590820        13.184611738556299     
   2.8799998760223389        13.178759217652935     
   2.8899998664855957        13.173034989308150     
   2.8999998569488525        13.167438939163778     
   2.9099998474121094        13.161970799938976     
   2.9199998378753662        13.156630158781557     
   2.9299998283386230        13.151416464538000     
   2.9399998188018799        13.146329034930933     
   2.9500000476837158        13.141366946819451     
   2.9600000381469727        13.136529513375233     
   2.9700000286102295        13.131815581140007     
   2.9800000190734863        13.127224012914382     
   2.9900000095367432        13.122753574536656     
   3.0000000000000000        13.118402941312500     
   3.0099999904632568        13.114170704294640     
   3.0199999809265137        13.110055376407056     
   3.0299999713897705        13.106055398408920     
   3.0399999618530273        13.102169144694081     
   3.0499999523162842        13.098394928922499     
   3.0599999427795410        13.094731009480613     
   3.0699999332427979        13.091175594768167     
   3.0799999237060547        13.087726848309559     
   3.0899999141693115        13.084382893688282     
   3.0999999046325684        13.081141819303479     
   3.1099998950958252        13.078001682948129     
   3.1199998855590820        13.074960516208803     
   3.1299998760223389        13.072016328687319     
   3.1399998664855957        13.069167112045067     
   3.1499998569488525        13.066410843871047     
   3.1599998474121094        13.063745491375139     
   3.1699998378753662        13.061169014908302     
   3.1799998283386230        13.058679371311808     
   3.1899998188018799        13.056274517097831     
   3.1999998092651367        13.053952411464003     
   3.2100000381469727        13.051710966651809     
   3.2200000286102295        13.049548262461458     
   3.2300000190734863        13.047462228224758     
   3.2400000095367432        13.045450860809630     
   3.2500000000000000        13.043512172457849     
   3.2599999904632568        13.041644192869635     
   3.2699999809265137        13.039844971145900     
   3.2799999713897705        13.038112577592065     
   3.2899999618530273        13.036445105387470     
   3.2999999523162842        13.034840672124533     
   3.3099999427795410        13.033297421221789     
   3.3199999332427979        13.031813523215051     
   3.3299999237060547        13.030387176930935     
   3.3399999141693115        13.029016610547028     
   3.3499999046325684        13.027700082542994     
   3.3599998950958252        13.026435882546872     
   3.3699998855590820        13.025222332080865     
   3.3799998760223389        13.024057785210850     
   3.3899998664855957        13.022940629103832     
   3.3999998569488525        13.021869284497511     
   3.4099998474121094        13.020842206086103     
   3.4199998378753662        13.019857882826479     
   3.4299998283386230        13.018914838168625     
   3.4399998188018799        13.018011630214382     
   3.4499998092651367        13.017146851808334     
   3.4600000381469727        13.016319111261248     
   3.4700000286102295        13.015527110365932     
   3.4800000190734863        13.014769525948251     
   3.4900000095367432        13.014045089507055     
   3.5000000000000000        13.013352566850086     
   3.5099999904632568        13.012690757854237     
   3.5199999809265137        13.012058496182602     
   3.5299999713897705        13.011454648961445     
   3.5399999618530273        13.010878116420143     
   3.5499999523162842        13.010327831496996     
   3.5599999427795410        13.009802759413777     
   3.5699999332427979        13.009301897221695     
   3.5799999237060547        13.008824273321430     
   3.5899999141693115        13.008368946959711     
   3.5999999046325684        13.007935007704878     
   3.6099998950958252        13.007521574903711     
   3.6199998855590820        13.007127797121731     
   3.6299998760223389        13.006752851569077     
   3.6399998664855957        13.006395943513949     
   3.6499998569488525        13.006056305685537     
   3.6599998474121094        13.005733197668199     
   3.6699998378753662        13.005425905288655     
   3.6799998283386230        13.005133739997747     
   3.6899998188018799        13.004856038248347     
   3.6999998092651367        13.004592160870809     
   3.7099997997283936        13.004341492447328     
   3.7200000286102295        13.004103435156708     
   3.7300000190734863        13.003877430549913     
   3.7400000095367432        13.003662924895192     
   3.7500000000000000        13.003459391546885     
   3.7599999904632568        13.003266324507996     
   3.7699999809265137        13.003083237821750     
   3.7799999713897705        13.002909664969300     
   3.7899999618530273        13.002745158274292     
   3.7999999523162842        13.002589288314978     
   3.8099999427795410        13.002441643344511     
   3.8199999332427979        13.002301828719979     
   3.8299999237060547        13.002169466340655     
   3.8399999141693115        13.002044194095971     
   3.8499999046325684        13.001925665323558     
   3.8599998950958252        13.001813548277754     
   3.8699998855590820        13.001707525608843     
   3.8799998760223389        13.001607293853333     
   3.8899998664855957        13.001512562935453     
   3.8999998569488525        13.001423055680085     
   3.9099998474121094        13.001338507337261     
   3.9199998378753662        13.001258665118327     
   3.9299998283386230        13.001183287743883     
   3.9399998188018799        13.001112145003521     
   3.9499998092651367        13.001045017327392     
   3.9599997997283936        13.000981695369596     
   3.9700000286102295        13.000921978221079     
   3.9800000190734863        13.000865678624914     
   3.9900000095367432        13.000812614059251     
   4.0000000000000000        13.000762612142957     
   4.0099997520446777        13.000715509900996     
   4.0199999809265137        13.000671147968694     
   4.0299997329711914        13.000629382119211     
   4.0399999618530273        13.000590067211277     
   4.0499997138977051        13.000553072839420     
   4.0599999427795410        13.000518268003670     
   4.0699996948242188        13.000485534957702     
   4.0799999237060547        13.000454755622648     
   4.0899996757507324        13.000425823827216     
   4.0999999046325684        13.000398633279708     
   4.1100001335144043        13.000373087194617     
   4.1199998855590820        13.000349093557144     
   4.1300001144409180        13.000326561809660     
   4.1399998664855957        13.000305410461859     
   4.1500000953674316        13.000285558260604     
   4.1599998474121094        13.000266932068325     
   4.1700000762939453        13.000249459073713     
   4.1799998283386230        13.000233073721329     
   4.1900000572204590        13.000217710847480     
   4.1999998092651367        13.000203311768725     
   4.2100000381469727        13.000189818239202     
   4.2199997901916504        13.000177177794376     
   4.2300000190734863        13.000165338436890     
   4.2399997711181641        13.000154253321647     
   4.2500000000000000        13.000143876087062     
   4.2599997520446777        13.000134164958276     
   4.2699999809265137        13.000125078649553     
   4.2799997329711914        13.000116579954069     
   4.2899999618530273        13.000108632151175     
   4.2999997138977051        13.000101202143677     
   4.3099999427795410        13.000094257310911     
   4.3199996948242188        13.000087768247640     
   4.3299999237060547        13.000081706010377     
   4.3399996757507324        13.000076044505944     
   4.3499999046325684        13.000070758084297     
   4.3600001335144043        13.000065823392109     
   4.3699998855590820        13.000061218406914     
   4.3800001144409180        13.000056921777443     
   4.3899998664855957        13.000052914251439     
   4.4000000953674316        13.000049176963206     
   4.4099998474121094        13.000045692900851     
   4.4200000762939453        13.000042445414454     
   4.4299998283386230        13.000039419489614     
   4.4400000572204590        13.000036600449082     
   4.4499998092651367        13.000033975057034     
   4.4600000381469727        13.000031530390189     
   4.4699997901916504        13.000029254794283     
   4.4800000190734863        13.000027136903523     
   4.4899997711181641        13.000025166468191     
   4.5000000000000000        13.000023333503746     
   4.5099997520446777        13.000021629006184     
   4.5199999809265137        13.000020044214372     
   4.5299997329711914        13.000018571227736     
   4.5399999618530273        13.000017202367374     
   4.5499997138977051        13.000015930708868     
   4.5599999427795410        13.000014749529470     
   4.5699996948242188        13.000013652767224     
   4.5799999237060547        13.000012634543102     
   4.5899996757507324        13.000011689556208     
   4.5999999046325684        13.000010812671094     
   4.6100001335144043        13.000009999220268     
   4.6199998855590820        13.000009244834848     
   4.6300001144409180        13.000008545330957     
   4.6399998664855957        13.000007896936793     
   4.6500000953674316        13.000007296007793     
   4.6599998474121094        13.000006739258625     
   4.6700000762939453        13.000006223518026     
   4.6799998283386230        13.000005745927570     
   4.6900000572204590        13.000005303730852     
   4.6999998092651367        13.000004894443627     
   4.7100000381469727        13.000004515672694     
   4.7199997901916504        13.000004165261387     
   4.7300000190734863        13.000003841134113     
   4.7399997711181641        13.000003541420634     
   4.7500000000000000        13.000003264322769     
   4.7599997520446777        13.000003008220443     
   4.7699999809265137        13.000002771557483     
   4.7799997329711914        13.000002552932038     
   4.7899999618530273        13.000002350998832     
   4.7999997138977051        13.000002164546151     
   4.8099999427795410        13.000001992412276     
   4.8199996948242188        13.000001833550979     
   4.8299999237060547        13.000001686960116     
   4.8399996757507324        13.000001551737316     
   4.8499999046325684        13.000001427019017     
   4.8599996566772461        13.000001312027747     
   4.8699998855590820        13.000001206020155     
   4.8800001144409180        13.000001108322630     
   4.8899998664855957        13.000001018309382     
   4.9000000953674316        13.000000935387908     
   4.9099998474121094        13.000000859024997     
   4.9200000762939453        13.000000788711965     
   4.9299998283386230        13.000000723991111     
   4.9400000572204590        13.000000664426167     
   4.9499998092651367        13.000000609624665     
   4.9600000381469727        13.000000559212841     
   4.9699997901916504        13.000000512854507     
   4.9800000190734863        13.000000470229779     
   4.9899997711181641        13.000000431050987     
   5.0000000000000000        13.000000395044646     
