  -5.0000000000000000        18.999986067597295     
  -4.9899997711181641        18.999984904575381     
  -4.9800000190734863        18.999983648583225     
  -4.9699997901916504        18.999982292413083     
  -4.9600000381469727        18.999980828596673     
  -4.9499998092651367        18.999979248851862     
  -4.9400000572204590        18.999977544606516     
  -4.9299998283386230        18.999975706355318     
  -4.9200000762939453        18.999973724271051     
  -4.9099998474121094        18.999971587457679     
  -4.9000000953674316        18.999969284662857     
  -4.8899998664855957        18.999966803411464     
  -4.8800001144409180        18.999964130835142     
  -4.8699998855590820        18.999961252668196     
  -4.8599996566772461        18.999958154059094     
  -4.8499999046325684        18.999954819174274     
  -4.8399996757507324        18.999951230608957     
  -4.8299999237060547        18.999947370462479     
  -4.8199996948242188        18.999943218893005     
  -4.8099999427795410        18.999938755518084     
  -4.7999997138977051        18.999933957745707     
  -4.7899999618530273        18.999928802396862     
  -4.7799997329711914        18.999923263780353     
  -4.7699999809265137        18.999917315570457     
  -4.7599997520446777        18.999910928588442     
  -4.7500000000000000        18.999904072973010     
  -4.7399997711181641        18.999896715626502     
  -4.7300000190734863        18.999888822720962     
  -4.7199997901916504        18.999880356761420     
  -4.7100000381469727        18.999871279476242     
  -4.6999998092651367        18.999861548443601     
  -4.6900000572204590        18.999851120421269     
  -4.6799998283386230        18.999839947475412     
  -4.6700000762939453        18.999827980812309     
  -4.6599998474121094        18.999815166340710     
  -4.6500000953674316        18.999801449076173     
  -4.6399998664855957        18.999786768059511     
  -4.6300001144409180        18.999771061413526     
  -4.6199998855590820        18.999754260530352     
  -4.6100001335144043        18.999736295870591     
  -4.5999999046325684        18.999717090321468     
  -4.5899996757507324        18.999696564828263     
  -4.5799999237060547        18.999674635870672     
  -4.5699996948242188        18.999651211794514     
  -4.5599999427795410        18.999626200052923     
  -4.5499997138977051        18.999599497980103     
  -4.5399999618530273        18.999571002073804     
  -4.5299997329711914        18.999540597492761     
  -4.5199999809265137        18.999508168646944     
  -4.5099997520446777        18.999473587255206     
  -4.5000000000000000        18.999436724413467     
  -4.4899997711181641        18.999397437030087     
  -4.4800000190734863        18.999355581562202     
  -4.4699997901916504        18.999310998625454     
  -4.4600000381469727        18.999263528610694     
  -4.4499998092651367        18.999212994241717     
  -4.4400000572204590        18.999159218308854     
  -4.4299998283386230        18.999102003923134     
  -4.4200000762939453        18.999041154629889     
  -4.4099998474121094        18.998976452080139     
  -4.4000000953674316        18.998907678816579     
  -4.3899998664855957        18.998834593052742     
  -4.3800001144409180        18.998756954455644     
  -4.3699998855590820        18.998674495690342     
  -4.3600001335144043        18.998586951558401     
  -4.3499999046325684        18.998494026929503     
  -4.3399996757507324        18.998395424790964     
  -4.3299999237060547        18.998290834358645     
  -4.3199996948242188        18.998179914295381     
  -4.3099999427795410        18.998062327767464     
  -4.2999997138977051        18.997937699424231     
  -4.2899999618530273        18.997805659689259     
  -4.2799997329711914        18.997665796473040     
  -4.2699999809265137        18.997517704956106     
  -4.2599997520446777        18.997360933453241     
  -4.2500000000000000        18.997195039300632     
  -4.2399997711181641        18.997019528234588     
  -4.2300000190734863        18.996833917053465     
  -4.2199997901916504        18.996637665814212     
  -4.2100000381469727        18.996430248002856     
  -4.1999998092651367        18.996211074788238     
  -4.1900000572204590        18.995979573502364     
  -4.1799998283386230        18.995735103122296     
  -4.1700000762939453        18.995477041933903     
  -4.1599998474121094        18.995204693339808     
  -4.1500000953674316        18.994917383657089     
  -4.1399998664855957        18.994614357271544     
  -4.1300001144409180        18.994294885601640     
  -4.1199998855590820        18.993958150536955     
  -4.1100001335144043        18.993603365687452     
  -4.0999999046325684        18.993229646956671     
  -4.0899996757507324        18.992836128036668     
  -4.0799999237060547        18.992421913126851     
  -4.0699996948242188        18.991986012661261     
  -4.0599999427795410        18.991527483419340     
  -4.0499997138977051        18.991045261291180     
  -4.0399999618530273        18.990538335706741     
  -4.0299997329711914        18.990005564756849     
  -4.0199999809265137        18.989445868148682     
  -4.0099997520446777        18.988858023082070     
  -4.0000000000000000        18.988240877413990     
  -3.9900000095367432        18.987593140395198     
  -3.9800000190734863        18.986913538753715     
  -3.9700000286102295        18.986200744407032     
  -3.9599997997283936        18.985453370139133     
  -3.9499998092651367        18.984670041302682     
  -3.9399998188018799        18.983849288626626     
  -3.9299998283386230        18.982989618355806     
  -3.9199998378753662        18.982089494644729     
  -3.9099998474121094        18.981147339423092     
  -3.8999998569488525        18.980161532337291     
  -3.8899998664855957        18.979130410773145     
  -3.8799998760223389        18.978052269965197     
  -3.8699998855590820        18.976925363198145     
  -3.8599998950958252        18.975747902105994     
  -3.8499999046325684        18.974518057074729     
  -3.8399999141693115        18.973233957754413     
  -3.8299999237060547        18.971893693686617     
  -3.8199999332427979        18.970495315053363     
  -3.8099999427795410        18.969036833553673     
  -3.7999999523162842        18.967516223413977     
  -3.7899999618530273        18.965931422538702     
  -3.7799999713897705        18.964280333807334     
  -3.7699999809265137        18.962560826524342     
  -3.7599999904632568        18.960770738028319     
  -3.7500000000000000        18.958907875466739     
  -3.7400000095367432        18.956970017742584     
  -3.7300000190734863        18.954954917639224     
  -3.7200000286102295        18.952860304129707     
  -3.7099997997283936        18.950683831993071     
  -3.6999998092651367        18.948423294011501     
  -3.6899998188018799        18.946076312612064     
  -3.6799998283386230        18.943640548518996     
  -3.6699998378753662        18.941113653168518     
  -3.6599998474121094        18.938493272248131     
  -3.6499998569488525        18.935777049459720     
  -3.6399998664855957        18.932962630511241     
  -3.6299998760223389        18.930047667341320     
  -3.6199998855590820        18.927029822580860     
  -3.6099998950958252        18.923906774255254     
  -3.5999999046325684        18.920676220730424     
  -3.5899999141693115        18.917335885905477     
  -3.5799999237060547        18.913883524654171     
  -3.5699999332427979        18.910316928516963     
  -3.5599999427795410        18.906633931644706     
  -3.5499999523162842        18.902832416994595     
  -3.5399999618530273        18.898910322778150     
  -3.5299999713897705        18.894865649160415     
  -3.5199999809265137        18.890696465208844     
  -3.5099999904632568        18.886400916089457     
  -3.5000000000000000        18.881977230507115     
  -3.4900000095367432        18.877423728385907     
  -3.4800000190734863        18.872738828784687     
  -3.4700000286102295        18.867921058041883     
  -3.4600000381469727        18.862969058142760     
  -3.4499998092651367        18.857881472382672     
  -3.4399998188018799        18.852657442560954     
  -3.4299998283386230        18.847295890235277     
  -3.4199998378753662        18.841796007805726     
  -3.4099998474121094        18.836157148179495     
  -3.3999998569488525        18.830378834269549     
  -3.3899998664855957        18.824460768637405     
  -3.3799998760223389        18.818402843264071     
  -3.3699998855590820        18.812205149431964     
  -3.3599998950958252        18.805867987699344     
  -3.3499999046325684        18.799391877947464     
  -3.3399999141693115        18.792777569479409     
  -3.3299999237060547        18.786026051148099     
  -3.3199999332427979        18.779138561489845     
  -3.3099999427795410        18.772116598838217     
  -3.2999999523162842        18.764961931391937     
  -3.2899999618530273        18.757676607208921     
  -3.2799999713897705        18.750262964097505     
  -3.2699999809265137        18.742723639374383     
  -3.2599999904632568        18.735061579457639     
  -3.2500000000000000        18.727280049261999     
  -3.2400000095367432        18.719382641362063     
  -3.2300000190734863        18.711373284888278     
  -3.2200000286102295        18.703256254119172     
  -3.2100000381469727        18.695036176732255     
  -3.1999998092651367        18.686717842227964     
  -3.1899998188018799        18.678307005026380     
  -3.1799998283386230        18.669809201347427     
  -3.1699998378753662        18.661230546786705     
  -3.1599998474121094        18.652577545091297     
  -3.1499998569488525        18.643857093521376     
  -3.1399998664855957        18.635076487582918     
  -3.1299998760223389        18.626243425087772     
  -3.1199998855590820        18.617366009497303     
  -3.1099998950958252        18.608452752505364     
  -3.0999999046325684        18.599512575816448     
  -3.0899999141693115        18.590554812074924     
  -3.0799999237060547        18.581589204901359     
  -3.0699999332427979        18.572625907992443     
  -3.0599999427795410        18.563675483241418     
  -3.0499999523162842        18.554748897836692     
  -3.0399999618530273        18.545857520297069     
  -3.0299999713897705        18.537013115403173     
  -3.0199999809265137        18.528227837985725     
  -3.0099999904632568        18.519514225532792     
  -3.0000000000000000        18.510885189579721     
  -2.9900000095367432        18.502354005847206     
  -2.9800000190734863        18.493934303094921     
  -2.9700000286102295        18.485640050660368     
  -2.9600000381469727        18.477485544654947     
  -2.9500000476837158        18.469485392791828     
  -2.9399998188018799        18.461654313257682     
  -2.9299998283386230        18.454007859581406     
  -2.9199998378753662        18.446561280471645     
  -2.9099998474121094        18.439330250243394     
  -2.8999998569488525        18.432330657748786     
  -2.8899998664855957        18.425578582634248     
  -2.8799998760223389        18.419090270141933     
  -2.8699998855590820        18.412882104458269     
  -2.8599998950958252        18.406970580616971     
  -2.8499999046325684        18.401372274968395     
  -2.8399999141693115        18.396103814231999     
  -2.8299999237060547        18.391181843153600     
  -2.8199999332427979        18.386622990794315     
  -2.8099999427795410        18.382443835483304     
  -2.7999999523162842        18.378660868471865     
  -2.7899999618530273        18.375290456332102     
  -2.7799999713897705        18.372348802148892     
  -2.7699999809265137        18.369851905559798     
  -2.7599999904632568        18.367815521703346     
  -2.7500000000000000        18.366255119142068     
  -2.7400000095367432        18.365185836832651     
  -2.7300000190734863        18.364622440221563     
  -2.7200000286102295        18.364579276550522     
  -2.7100000381469727        18.365070229462248     
  -2.7000000476837158        18.366108673002810     
  -2.6900000572204590        18.367707425122891     
  -2.6799998283386230        18.369878759471856     
  -2.6699998378753662        18.372634137542260     
  -2.6599998474121094        18.375984471529815     
  -2.6499998569488525        18.379939883880983     
  -2.6399998664855957        18.384509704918880     
  -2.6299998760223389        18.389702425805002     
  -2.6199998855590820        18.395525651872116     
  -2.6099998950958252        18.401986056473010     
  -2.5999999046325684        18.409089335494219     
  -2.5899999141693115        18.416840162687652     
  -2.5799999237060547        18.425242145976899     
  -2.5699999332427979        18.434297784897982     
  -2.5599999427795410        18.444008429337455     
  -2.5499999523162842        18.454374239732953     
  -2.5399999618530273        18.465394148903414     
  -2.5299999713897705        18.477065825677617     
  -2.5199999809265137        18.489385640490710     
  -2.5099999904632568        18.502348633118796     
  -2.5000000000000000        18.515948482721637     
  -2.4900000095367432        18.530177480362724     
  -2.4800000190734863        18.545026504174832     
  -2.4700000286102295        18.560484997337145     
  -2.4600000381469727        18.576540949027571     
  -2.4500000476837158        18.593180878510651     
  -2.4400000572204590        18.610389822517636     
  -2.4299998283386230        18.628151755985773     
  -2.4199998378753662        18.646447879332971     
  -2.4099998474121094        18.665259158053377     
  -2.3999998569488525        18.684564643557373     
  -2.3899998664855957        18.704341896126031     
  -2.3799998760223389        18.724566995027736     
  -2.3699998855590820        18.745214552856073     
  -2.3599998950958252        18.766257734189377     
  -2.3499999046325684        18.787668278662156     
  -2.3399999141693115        18.809416528527734     
  -2.3299999237060547        18.831471460779845     
  -2.3199999332427979        18.853800723888771     
  -2.3099999427795410        18.876370679194693     
  -2.2999999523162842        18.899146446987423     
  -2.2899999618530273        18.922091957287744     
  -2.2799999713897705        18.945170005330816     
  -2.2699999809265137        18.968342311737047     
  -2.2599999904632568        18.991569587340202     
  -2.2500000000000000        19.014811602626359     
  -2.2400000095367432        19.038027261720956     
  -2.2300000190734863        19.061174680844161     
  -2.2200000286102295        19.084211271137868     
  -2.2100000381469727        19.107093825749967     
  -2.2000000476837158        19.129778611044149     
  -2.1900000572204590        19.152221461785590     
  -2.1800000667572021        19.174377880135140     
  -2.1699998378753662        19.196203654317770     
  -2.1599998474121094        19.217652890956256     
  -2.1499998569488525        19.238681248044983     
  -2.1399998664855957        19.259243956586335     
  -2.1299998760223389        19.279296459975928     
  -2.1199998855590820        19.298794531340459     
  -2.1099998950958252        19.317694393020400     
  -2.0999999046325684        19.335952837892705     
  -2.0899999141693115        19.353527352213419     
  -2.0799999237060547        19.370376239645228     
  -2.0699999332427979        19.386458746120979     
  -2.0599999427795410        19.401735185180875     
  -2.0499999523162842        19.416167063408746     
  -2.0399999618530273        19.429717205581312     
  -2.0299999713897705        19.442349879133953     
  -2.0199999809265137        19.454030917537160     
  -2.0099999904632568        19.464727842169758     
  -2.0000000000000000        19.474409982267986     
  -1.9900000095367432        19.483048592524010     
  -1.9799998998641968        19.490617051646300     
  -1.9699999094009399        19.497090625800755     
  -1.9599999189376831        19.502447118335756     
  -1.9499999284744263        19.506666599644824     
  -1.9399999380111694        19.509731603169424     
  -1.9299999475479126        19.511627219802637     
  -1.9199999570846558        19.512341186921365     
  -1.9099999666213989        19.511863971629236     
  -1.8999999761581421        19.510188847800936     
  -1.8899999856948853        19.507311966528658     
  -1.8799999952316284        19.503232419583529     
  -1.8700000047683716        19.497952295518289     
  -1.8600000143051147        19.491476728053112     
  -1.8499999046325684        19.483813838021213     
  -1.8399999141693115        19.474975144907919     
  -1.8299999237060547        19.464975041827529     
  -1.8199999332427979        19.453831161199219     
  -1.8099999427795410        19.441564295544556     
  -1.7999999523162842        19.428198393129215     
  -1.7899999618530273        19.413760543955132     
  -1.7799999713897705        19.398280955928509     
  -1.7699999809265137        19.381792921058999     
  -1.7599999904632568        19.364332771576553     
  -1.7500000000000000        19.345939825884834     
  -1.7400000095367432        19.326656324303677     
  -1.7300000190734863        19.306527354587633     
  -1.7199999094009399        19.285600513222594     
  -1.7099999189376831        19.263926818088702     
  -1.6999999284744263        19.241559105896691     
  -1.6899999380111694        19.218552906435661     
  -1.6799999475479126        19.194966073239751     
  -1.6699999570846558        19.170858649532139     
  -1.6599999666213989        19.146292724886809     
  -1.6499999761581421        19.121332282895143     
  -1.6399999856948853        19.096043040162876     
  -1.6299999952316284        19.070492277001044     
  -1.6200000047683716        19.044748660212129     
  -1.6100000143051147        19.018882058409638     
  -1.5999999046325684        18.992963041343902     
  -1.5899999141693115        18.967063918417733     
  -1.5799999237060547        18.941256679457190     
  -1.5699999332427979        18.915614021528381     
  -1.5599999427795410        18.890208825923114     
  -1.5499999523162842        18.865113939836139     
  -1.5399999618530273        18.840401954593798     
  -1.5299999713897705        18.816144981126723     
  -1.5199999809265137        18.792414423403265     
  -1.5099999904632568        18.769280750562515     
  -1.5000000000000000        18.746813268505218     
  -1.4900000095367432        18.725079891718167     
  -1.4800000190734863        18.704146916122294     
  -1.4699999094009399        18.684078559920554     
  -1.4599999189376831        18.664937687628143     
  -1.4499999284744263        18.646784154334302     
  -1.4399999380111694        18.629675558858711     
  -1.4299999475479126        18.613666789372729     
  -1.4199999570846558        18.598809819444210     
  -1.4099999666213989        18.585153510804854     
  -1.3999999761581421        18.572743423641363     
  -1.3899999856948853        18.561621635198701     
  -1.3799999952316284        18.551826567467685     
  -1.3700000047683716        18.543392824709496     
  -1.3600000143051147        18.536351041546975     
  -1.3500000238418579        18.530727742326540     
  -1.3399999141693115        18.526545171228801     
  -1.3299999237060547        18.523821358426012     
  -1.3199999332427979        18.522569717690409     
  -1.3099999427795410        18.522799174140815     
  -1.2999999523162842        18.524514030891432     
  -1.2899999618530273        18.527713908956947     
  -1.2799999713897705        18.532393702361503     
  -1.2699999809265137        18.538543548836525     
  -1.2599999904632568        18.546148816440489     
  -1.2500000000000000        18.555190106379360     
  -1.2400000095367432        18.565643272250163     
  -1.2300000190734863        18.577479455871888     
  -1.2200000286102295        18.590665139808245     
  -1.2099999189376831        18.605162397095768     
  -1.1999999284744263        18.620928270188614     
  -1.1899999380111694        18.637915911240821     
  -1.1799999475479126        18.656074024998734     
  -1.1699999570846558        18.675347169249580     
  -1.1599999666213989        18.695675906184928     
  -1.1499999761581421        18.716996969420112     
  -1.1399999856948853        18.739243446263600     
  -1.1299999952316284        18.762344974766290     
  -1.1200000047683716        18.786227955017658     
  -1.1100000143051147        18.810815774093591     
  -1.1000000238418579        18.836029044000295     
  -1.0900000333786011        18.861785851899683     
  -1.0799999237060547        18.888002336763609     
  -1.0699999332427979        18.914591706045783     
  -1.0599999427795410        18.941466394578359     
  -1.0499999523162842        18.968537109881055     
  -1.0399999618530273        18.995713441119097     
  -1.0299999713897705        19.022904164993896     
  -1.0199999809265137        19.050017557461732     
  -1.0099999904632568        19.076961710187057     
  -1.0000000000000000        19.103644850604621     
 -0.98999994993209839        19.129975820150307     
 -0.97999995946884155        19.155863772293625     
 -0.96999996900558472        19.181219438887563     
 -0.95999997854232788        19.205954822402354     
 -0.94999998807907104        19.229983674398969     
 -0.93999999761581421        19.253221812336740     
 -0.93000000715255737        19.275587431571509     
 -0.91999995708465576        19.297001535969290     
 -0.90999996662139893        19.317387731684288     
 -0.89999997615814209        19.336673283937145     
 -0.88999998569488525        19.354788880897207     
 -0.87999999523162842        19.371669034097515     
 -0.87000000476837158        19.387252336392152     
 -0.85999995470046997        19.401481787587620     
 -0.84999996423721313        19.414304694134476     
 -0.83999997377395630        19.425673394333053     
 -0.82999998331069946        19.435545110462133     
 -0.81999999284744263        19.443882220598400     
 -0.81000000238418579        19.450652423763803     
 -0.79999995231628418        19.455828912577307     
 -0.78999996185302734        19.459390386655929     
 -0.77999997138977051        19.461321345319348     
 -0.76999998092651367        19.461612041387344     
 -0.75999999046325684        19.460258582681973     
 -0.75000000000000000        19.457262976468485     
 -0.74000000953674316        19.452633152119464     
 -0.72999995946884155        19.446382919695370     
 -0.71999996900558472        19.438532107078125     
 -0.70999997854232788        19.429106292386553     
 -0.69999998807907104        19.418136877266583     
 -0.68999999761581421        19.405660966057845     
 -0.68000000715255737        19.391721255370921     
 -0.66999995708465576        19.376365806261070     
 -0.65999996662139893        19.359648265248808     
 -0.64999997615814209        19.341627140138325     
 -0.63999998569488525        19.322365963052217     
 -0.62999999523162842        19.301932988288115     
 -0.62000000476837158        19.280400958427645     
 -0.61000001430511475        19.257846852126363     
 -0.59999996423721313        19.234351471768441     
 -0.58999997377395630        19.209999723167659     
 -0.57999998331069946        19.184879472877714     
 -0.56999999284744263        19.159081787237589     
 -0.56000000238418579        19.132700465696772     
 -0.55000001192092896        19.105831699407062     
 -0.53999996185302734        19.078573555596069     
 -0.52999997138977051        19.051026268213597     
 -0.51999998092651367        19.023290892454821     
 -0.50999999046325684        18.995469576559419     
 -0.50000000000000000        18.967665018703912     
 -0.48999997973442078        18.939979999301855     
 -0.47999998927116394        18.912517322979706     
 -0.46999999880790710        18.885378934563732     
 -0.45999997854232788        18.858665783207364     
 -0.44999998807907104        18.832477671440813     
 -0.43999999761581421        18.806912395455083     
 -0.42999997735023499        18.782065616036899     
 -0.41999998688697815        18.758030702999321     
 -0.40999999642372131        18.734897929463887     
 -0.39999997615814209        18.712754354915806     
 -0.38999998569488525        18.691683671179124     
 -0.37999999523162842        18.671765478825460     
 -0.37000000476837158        18.653075241135955     
 -0.35999998450279236        18.635683868810755     
 -0.34999999403953552        18.619657642032088     
 -0.34000000357627869        18.605057635499808     
 -0.32999998331069946        18.591939648176993     
 -0.31999999284744263        18.580354076489073     
 -0.31000000238418579        18.570345475393104     
 -0.29999998211860657        18.561952514369615     
 -0.28999999165534973        18.555207871432287     
 -0.28000000119209290        18.550137946226393     
 -0.26999998092651367        18.546762844664062     
 -0.25999999046325684        18.545096298182347     
 -0.25000000000000000        18.545145539629313     
 -0.23999999463558197        18.546911313918383     
 -0.22999998927116394        18.550387845517307     
 -0.21999999880790710        18.555562843128861     
 -0.20999999344348907        18.562417571897406     
 -0.19999998807907104        18.570926870073230     
 -0.18999999761581421        18.581059249204053     
 -0.17999999225139618        18.592777063521229     
 -0.17000000178813934        18.606036535856386     
 -0.15999999642372131        18.620788058462427     
 -0.14999999105930328        18.636976245256172     
 -0.14000000059604645        18.654540188933208     
 -0.12999999523162842        18.673413778442228     
 -0.11999999731779099        18.693525776696266     
 -0.10999999940395355        18.714800238265987     
  -9.9999994039535522E-002   18.737156747799517     
  -8.9999996125698090E-002   18.760510673276663     
  -7.9999998211860657E-002   18.784773589777846     
  -7.0000000298023224E-002   18.809853552659902     
  -5.9999998658895493E-002   18.835655476615635     
  -4.9999997019767761E-002   18.862081472549860     
  -3.9999999105930328E-002   18.889031242475056     
  -2.9999999329447746E-002   18.916402491963510     
  -1.9999999552965164E-002   18.944091279656995     
  -9.9999997764825821E-003   18.971992443160445     
   0.0000000000000000        19.000000000000000     
   9.9999997764825821E-003   19.028007556839555     
   1.9999999552965164E-002   19.055908720343005     
   2.9999999329447746E-002   19.083597508036490     
   3.9999999105930328E-002   19.110968757524944     
   4.9999997019767761E-002   19.137918527450140     
   5.9999998658895493E-002   19.164344523384365     
   7.0000000298023224E-002   19.190146447340098     
   7.9999998211860657E-002   19.215226410222154     
   8.9999996125698090E-002   19.239489326723337     
   9.9999994039535522E-002   19.262843252200483     
  0.10999999940395355        19.285199761734013     
  0.11999999731779099        19.306474223303734     
  0.12999999523162842        19.326586221557772     
  0.14000000059604645        19.345459811066792     
  0.14999999105930328        19.363023754743828     
  0.15999999642372131        19.379211941537573     
  0.17000000178813934        19.393963464143614     
  0.17999999225139618        19.407222936478771     
  0.18999999761581421        19.418940750795947     
  0.19999998807907104        19.429073129926770     
  0.20999999344348907        19.437582428102594     
  0.21999999880790710        19.444437156871139     
  0.22999998927116394        19.449612154482693     
  0.23999999463558197        19.453088686081617     
  0.25000000000000000        19.454854460370687     
  0.25999999046325684        19.454903701817653     
  0.26999998092651367        19.453237155335938     
  0.28000000119209290        19.449862053773607     
  0.28999999165534973        19.444792128567713     
  0.29999998211860657        19.438047485630385     
  0.31000000238418579        19.429654524606896     
  0.31999999284744263        19.419645923510927     
  0.32999998331069946        19.408060351823007     
  0.34000000357627869        19.394942364500192     
  0.34999999403953552        19.380342357967912     
  0.35999998450279236        19.364316131189245     
  0.37000000476837158        19.346924758864045     
  0.37999999523162842        19.328234521174540     
  0.38999998569488525        19.308316328820876     
  0.39999997615814209        19.287245645084194     
  0.40999999642372131        19.265102070536113     
  0.41999998688697815        19.241969297000679     
  0.42999997735023499        19.217934383963101     
  0.43999999761581421        19.193087604544917     
  0.44999998807907104        19.167522328559187     
  0.45999997854232788        19.141334216792636     
  0.46999999880790710        19.114621065436268     
  0.47999998927116394        19.087482677020294     
  0.48999997973442078        19.060020000698145     
  0.50000000000000000        19.032334981296088     
  0.50999999046325684        19.004530423440581     
  0.51999998092651367        18.976709107545179     
  0.52999997138977051        18.948973731786403     
  0.53999996185302734        18.921426444403931     
  0.55000001192092896        18.894168300592938     
  0.56000000238418579        18.867299534303228     
  0.56999999284744263        18.840918212762411     
  0.57999998331069946        18.815120527122286     
  0.58999997377395630        18.790000276832341     
  0.59999996423721313        18.765648528231559     
  0.61000001430511475        18.742153147873637     
  0.62000000476837158        18.719599041572355     
  0.62999999523162842        18.698067011711885     
  0.63999998569488525        18.677634036947783     
  0.64999997615814209        18.658372859861675     
  0.65999996662139893        18.640351734751192     
  0.66999995708465576        18.623634193738930     
  0.68000000715255737        18.608278744629079     
  0.68999999761581421        18.594339033942155     
  0.69999998807907104        18.581863122733417     
  0.70999997854232788        18.570893707613447     
  0.71999996900558472        18.561467892921875     
  0.72999995946884155        18.553617080304630     
  0.74000000953674316        18.547366847880536     
  0.75000000000000000        18.542737023531515     
  0.75999999046325684        18.539741417318027     
  0.76999998092651367        18.538387958612656     
  0.77999997138977051        18.538678654680652     
  0.78999996185302734        18.540609613344071     
  0.79999995231628418        18.544171087422693     
  0.81000000238418579        18.549347576236197     
  0.81999999284744263        18.556117779401600     
  0.82999998331069946        18.564454889537867     
  0.83999997377395630        18.574326605666947     
  0.84999996423721313        18.585695305865524     
  0.85999995470046997        18.598518212412380     
  0.87000000476837158        18.612747663607848     
  0.87999999523162842        18.628330965902485     
  0.88999998569488525        18.645211119102793     
  0.89999997615814209        18.663326716062855     
  0.90999996662139893        18.682612268315712     
  0.91999995708465576        18.702998464030710     
  0.93000000715255737        18.724412568428491     
  0.93999999761581421        18.746778187663260     
  0.94999998807907104        18.770016325601031     
  0.95999997854232788        18.794045177597646     
  0.96999996900558472        18.818780561112437     
  0.97999995946884155        18.844136227706375     
  0.98999994993209839        18.870024179849693     
   1.0000000000000000        18.896355149395379     
   1.0099999904632568        18.923038289812943     
   1.0199999809265137        18.949982442538268     
   1.0299999713897705        18.977095835006104     
   1.0399999618530273        19.004286558880903     
   1.0499999523162842        19.031462890118945     
   1.0599999427795410        19.058533605421641     
   1.0699999332427979        19.085408293954217     
   1.0799999237060547        19.111997663236391     
   1.0900000333786011        19.138214148100317     
   1.1000000238418579        19.163970955999705     
   1.1100000143051147        19.189184225906409     
   1.1200000047683716        19.213772044982342     
   1.1299999952316284        19.237655025233710     
   1.1399999856948853        19.260756553736400     
   1.1499999761581421        19.283003030579888     
   1.1599999666213989        19.304324093815072     
   1.1699999570846558        19.324652830750420     
   1.1799999475479126        19.343925975001266     
   1.1899999380111694        19.362084088759179     
   1.1999999284744263        19.379071729811386     
   1.2099999189376831        19.394837602904232     
   1.2200000286102295        19.409334860191755     
   1.2300000190734863        19.422520544128112     
   1.2400000095367432        19.434356727749837     
   1.2500000000000000        19.444809893620640     
   1.2599999904632568        19.453851183559511     
   1.2699999809265137        19.461456451163475     
   1.2799999713897705        19.467606297638497     
   1.2899999618530273        19.472286091043053     
   1.2999999523162842        19.475485969108568     
   1.3099999427795410        19.477200825859185     
   1.3199999332427979        19.477430282309591     
   1.3299999237060547        19.476178641573988     
   1.3399999141693115        19.473454828771199     
   1.3500000238418579        19.469272257673460     
   1.3600000143051147        19.463648958453025     
   1.3700000047683716        19.456607175290504     
   1.3799999952316284        19.448173432532315     
   1.3899999856948853        19.438378364801299     
   1.3999999761581421        19.427256576358637     
   1.4099999666213989        19.414846489195146     
   1.4199999570846558        19.401190180555790     
   1.4299999475479126        19.386333210627271     
   1.4399999380111694        19.370324441141289     
   1.4499999284744263        19.353215845665698     
   1.4599999189376831        19.335062312371857     
   1.4699999094009399        19.315921440079446     
   1.4800000190734863        19.295853083877706     
   1.4900000095367432        19.274920108281833     
   1.5000000000000000        19.253186731494782     
   1.5099999904632568        19.230719249437485     
   1.5199999809265137        19.207585576596735     
   1.5299999713897705        19.183855018873277     
   1.5399999618530273        19.159598045406202     
   1.5499999523162842        19.134886060163861     
   1.5599999427795410        19.109791174076886     
   1.5699999332427979        19.084385978471619     
   1.5799999237060547        19.058743320542810     
   1.5899999141693115        19.032936081582267     
   1.5999999046325684        19.007036958656098     
   1.6100000143051147        18.981117941590362     
   1.6200000047683716        18.955251339787871     
   1.6299999952316284        18.929507722998956     
   1.6399999856948853        18.903956959837124     
   1.6499999761581421        18.878667717104857     
   1.6599999666213989        18.853707275113191     
   1.6699999570846558        18.829141350467861     
   1.6799999475479126        18.805033926760249     
   1.6899999380111694        18.781447093564339     
   1.6999999284744263        18.758440894103309     
   1.7099999189376831        18.736073181911298     
   1.7199999094009399        18.714399486777406     
   1.7300000190734863        18.693472645412367     
   1.7400000095367432        18.673343675696323     
   1.7500000000000000        18.654060174115166     
   1.7599999904632568        18.635667228423447     
   1.7699999809265137        18.618207078941001     
   1.7799999713897705        18.601719044071491     
   1.7899999618530273        18.586239456044868     
   1.7999999523162842        18.571801606870785     
   1.8099999427795410        18.558435704455444     
   1.8199999332427979        18.546168838800781     
   1.8299999237060547        18.535024958172471     
   1.8399999141693115        18.525024855092081     
   1.8499999046325684        18.516186161978787     
   1.8600000143051147        18.508523271946888     
   1.8700000047683716        18.502047704481711     
   1.8799999952316284        18.496767580416471     
   1.8899999856948853        18.492688033471342     
   1.8999999761581421        18.489811152199064     
   1.9099999666213989        18.488136028370764     
   1.9199999570846558        18.487658813078635     
   1.9299999475479126        18.488372780197363     
   1.9399999380111694        18.490268396830576     
   1.9499999284744263        18.493333400355176     
   1.9599999189376831        18.497552881664244     
   1.9699999094009399        18.502909374199245     
   1.9799998998641968        18.509382948353700     
   1.9900000095367432        18.516951407475990     
   2.0000000000000000        18.525590017732014     
   2.0099999904632568        18.535272157830242     
   2.0199999809265137        18.545969082462840     
   2.0299999713897705        18.557650120866047     
   2.0399999618530273        18.570282794418688     
   2.0499999523162842        18.583832936591254     
   2.0599999427795410        18.598264814819125     
   2.0699999332427979        18.613541253879021     
   2.0799999237060547        18.629623760354772     
   2.0899999141693115        18.646472647786581     
   2.0999999046325684        18.664047162107295     
   2.1099998950958252        18.682305606979600     
   2.1199998855590820        18.701205468659541     
   2.1299998760223389        18.720703540024072     
   2.1399998664855957        18.740756043413665     
   2.1499998569488525        18.761318751955017     
   2.1599998474121094        18.782347109043744     
   2.1699998378753662        18.803796345682230     
   2.1800000667572021        18.825622119864860     
   2.1900000572204590        18.847778538214410     
   2.2000000476837158        18.870221388955851     
   2.2100000381469727        18.892906174250033     
   2.2200000286102295        18.915788728862132     
   2.2300000190734863        18.938825319155839     
   2.2400000095367432        18.961972738279044     
   2.2500000000000000        18.985188397373641     
   2.2599999904632568        19.008430412659798     
   2.2699999809265137        19.031657688262953     
   2.2799999713897705        19.054829994669184     
   2.2899999618530273        19.077908042712256     
   2.2999999523162842        19.100853553012577     
   2.3099999427795410        19.123629320805307     
   2.3199999332427979        19.146199276111229     
   2.3299999237060547        19.168528539220155     
   2.3399999141693115        19.190583471472266     
   2.3499999046325684        19.212331721337844     
   2.3599998950958252        19.233742265810623     
   2.3699998855590820        19.254785447143927     
   2.3799998760223389        19.275433004972264     
   2.3899998664855957        19.295658103873969     
   2.3999998569488525        19.315435356442627     
   2.4099998474121094        19.334740841946623     
   2.4199998378753662        19.353552120667029     
   2.4299998283386230        19.371848244014227     
   2.4400000572204590        19.389610177482364     
   2.4500000476837158        19.406819121489349     
   2.4600000381469727        19.423459050972429     
   2.4700000286102295        19.439515002662855     
   2.4800000190734863        19.454973495825168     
   2.4900000095367432        19.469822519637276     
   2.5000000000000000        19.484051517278363     
   2.5099999904632568        19.497651366881204     
   2.5199999809265137        19.510614359509290     
   2.5299999713897705        19.522934174322383     
   2.5399999618530273        19.534605851096586     
   2.5499999523162842        19.545625760267047     
   2.5599999427795410        19.555991570662545     
   2.5699999332427979        19.565702215102018     
   2.5799999237060547        19.574757854023101     
   2.5899999141693115        19.583159837312348     
   2.5999999046325684        19.590910664505781     
   2.6099998950958252        19.598013943526990     
   2.6199998855590820        19.604474348127884     
   2.6299998760223389        19.610297574194998     
   2.6399998664855957        19.615490295081120     
   2.6499998569488525        19.620060116119017     
   2.6599998474121094        19.624015528470185     
   2.6699998378753662        19.627365862457740     
   2.6799998283386230        19.630121240528144     
   2.6900000572204590        19.632292574877109     
   2.7000000476837158        19.633891326997190     
   2.7100000381469727        19.634929770537752     
   2.7200000286102295        19.635420723449478     
   2.7300000190734863        19.635377559778437     
   2.7400000095367432        19.634814163167349     
   2.7500000000000000        19.633744880857932     
   2.7599999904632568        19.632184478296654     
   2.7699999809265137        19.630148094440202     
   2.7799999713897705        19.627651197851108     
   2.7899999618530273        19.624709543667898     
   2.7999999523162842        19.621339131528135     
   2.8099999427795410        19.617556164516696     
   2.8199999332427979        19.613377009205685     
   2.8299999237060547        19.608818156846400     
   2.8399999141693115        19.603896185768001     
   2.8499999046325684        19.598627725031605     
   2.8599998950958252        19.593029419383029     
   2.8699998855590820        19.587117895541731     
   2.8799998760223389        19.580909729858067     
   2.8899998664855957        19.574421417365752     
   2.8999998569488525        19.567669342251214     
   2.9099998474121094        19.560669749756606     
   2.9199998378753662        19.553438719528355     
   2.9299998283386230        19.545992140418594     
   2.9399998188018799        19.538345686742318     
   2.9500000476837158        19.530514607208172     
   2.9600000381469727        19.522514455345053     
   2.9700000286102295        19.514359949339632     
   2.9800000190734863        19.506065696905079     
   2.9900000095367432        19.497645994152794     
   3.0000000000000000        19.489114810420279     
   3.0099999904632568        19.480485774467208     
   3.0199999809265137        19.471772162014275     
   3.0299999713897705        19.462986884596827     
   3.0399999618530273        19.454142479702931     
   3.0499999523162842        19.445251102163308     
   3.0599999427795410        19.436324516758582     
   3.0699999332427979        19.427374092007557     
   3.0799999237060547        19.418410795098641     
   3.0899999141693115        19.409445187925076     
   3.0999999046325684        19.400487424183552     
   3.1099998950958252        19.391547247494636     
   3.1199998855590820        19.382633990502697     
   3.1299998760223389        19.373756574912228     
   3.1399998664855957        19.364923512417082     
   3.1499998569488525        19.356142906478624     
   3.1599998474121094        19.347422454908703     
   3.1699998378753662        19.338769453213295     
   3.1799998283386230        19.330190798652573     
   3.1899998188018799        19.321692994973620     
   3.1999998092651367        19.313282157772036     
   3.2100000381469727        19.304963823267745     
   3.2200000286102295        19.296743745880828     
   3.2300000190734863        19.288626715111722     
   3.2400000095367432        19.280617358637937     
   3.2500000000000000        19.272719950738001     
   3.2599999904632568        19.264938420542361     
   3.2699999809265137        19.257276360625617     
   3.2799999713897705        19.249737035902495     
   3.2899999618530273        19.242323392791079     
   3.2999999523162842        19.235038068608063     
   3.3099999427795410        19.227883401161783     
   3.3199999332427979        19.220861438510155     
   3.3299999237060547        19.213973948851901     
   3.3399999141693115        19.207222430520591     
   3.3499999046325684        19.200608122052536     
   3.3599998950958252        19.194132012300656     
   3.3699998855590820        19.187794850568036     
   3.3799998760223389        19.181597156735929     
   3.3899998664855957        19.175539231362595     
   3.3999998569488525        19.169621165730451     
   3.4099998474121094        19.163842851820505     
   3.4199998378753662        19.158203992194274     
   3.4299998283386230        19.152704109764723     
   3.4399998188018799        19.147342557439046     
   3.4499998092651367        19.142118527617328     
   3.4600000381469727        19.137030941857240     
   3.4700000286102295        19.132078941958117     
   3.4800000190734863        19.127261171215313     
   3.4900000095367432        19.122576271614093     
   3.5000000000000000        19.118022769492885     
   3.5099999904632568        19.113599083910543     
   3.5199999809265137        19.109303534791156     
   3.5299999713897705        19.105134350839585     
   3.5399999618530273        19.101089677221850     
   3.5499999523162842        19.097167583005405     
   3.5599999427795410        19.093366068355294     
   3.5699999332427979        19.089683071483037     
   3.5799999237060547        19.086116475345829     
   3.5899999141693115        19.082664114094523     
   3.5999999046325684        19.079323779269576     
   3.6099998950958252        19.076093225744746     
   3.6199998855590820        19.072970177419140     
   3.6299998760223389        19.069952332658680     
   3.6399998664855957        19.067037369488759     
   3.6499998569488525        19.064222950540280     
   3.6599998474121094        19.061506727751869     
   3.6699998378753662        19.058886346831482     
   3.6799998283386230        19.056359451481004     
   3.6899998188018799        19.053923687387936     
   3.6999998092651367        19.051576705988499     
   3.7099997997283936        19.049316168006929     
   3.7200000286102295        19.047139695870293     
   3.7300000190734863        19.045045082360776     
   3.7400000095367432        19.043029982257416     
   3.7500000000000000        19.041092124533261     
   3.7599999904632568        19.039229261971681     
   3.7699999809265137        19.037439173475658     
   3.7799999713897705        19.035719666192666     
   3.7899999618530273        19.034068577461298     
   3.7999999523162842        19.032483776586023     
   3.8099999427795410        19.030963166446327     
   3.8199999332427979        19.029504684946637     
   3.8299999237060547        19.028106306313383     
   3.8399999141693115        19.026766042245587     
   3.8499999046325684        19.025481942925271     
   3.8599998950958252        19.024252097894006     
   3.8699998855590820        19.023074636801855     
   3.8799998760223389        19.021947730034803     
   3.8899998664855957        19.020869589226855     
   3.8999998569488525        19.019838467662709     
   3.9099998474121094        19.018852660576908     
   3.9199998378753662        19.017910505355271     
   3.9299998283386230        19.017010381644194     
   3.9399998188018799        19.016150711373374     
   3.9499998092651367        19.015329958697318     
   3.9599997997283936        19.014546629860867     
   3.9700000286102295        19.013799255592968     
   3.9800000190734863        19.013086461246285     
   3.9900000095367432        19.012406859604802     
   4.0000000000000000        19.011759122586010     
   4.0099997520446777        19.011141976917930     
   4.0199999809265137        19.010554131851318     
   4.0299997329711914        19.009994435243151     
   4.0399999618530273        19.009461664293259     
   4.0499997138977051        19.008954738708820     
   4.0599999427795410        19.008472516580660     
   4.0699996948242188        19.008013987338739     
   4.0799999237060547        19.007578086873149     
   4.0899996757507324        19.007163871963332     
   4.0999999046325684        19.006770353043329     
   4.1100001335144043        19.006396634312548     
   4.1199998855590820        19.006041849463045     
   4.1300001144409180        19.005705114398360     
   4.1399998664855957        19.005385642728456     
   4.1500000953674316        19.005082616342911     
   4.1599998474121094        19.004795306660192     
   4.1700000762939453        19.004522958066097     
   4.1799998283386230        19.004264896877704     
   4.1900000572204590        19.004020426497636     
   4.1999998092651367        19.003788925211762     
   4.2100000381469727        19.003569751997144     
   4.2199997901916504        19.003362334185788     
   4.2300000190734863        19.003166082946535     
   4.2399997711181641        19.002980471765412     
   4.2500000000000000        19.002804960699368     
   4.2599997520446777        19.002639066546759     
   4.2699999809265137        19.002482295043894     
   4.2799997329711914        19.002334203526960     
   4.2899999618530273        19.002194340310741     
   4.2999997138977051        19.002062300575769     
   4.3099999427795410        19.001937672232536     
   4.3199996948242188        19.001820085704619     
   4.3299999237060547        19.001709165641355     
   4.3399996757507324        19.001604575209036     
   4.3499999046325684        19.001505973070497     
   4.3600001335144043        19.001413048441599     
   4.3699998855590820        19.001325504309658     
   4.3800001144409180        19.001243045544356     
   4.3899998664855957        19.001165406947258     
   4.4000000953674316        19.001092321183421     
   4.4099998474121094        19.001023547919861     
   4.4200000762939453        19.000958845370111     
   4.4299998283386230        19.000897996076866     
   4.4400000572204590        19.000840781691146     
   4.4499998092651367        19.000787005758283     
   4.4600000381469727        19.000736471389306     
   4.4699997901916504        19.000689001374546     
   4.4800000190734863        19.000644418437798     
   4.4899997711181641        19.000602562969913     
   4.5000000000000000        19.000563275586533     
   4.5099997520446777        19.000526412744794     
   4.5199999809265137        19.000491831353056     
   4.5299997329711914        19.000459402507239     
   4.5399999618530273        19.000428997926196     
   4.5499997138977051        19.000400502019897     
   4.5599999427795410        19.000373799947077     
   4.5699996948242188        19.000348788205486     
   4.5799999237060547        19.000325364129328     
   4.5899996757507324        19.000303435171737     
   4.5999999046325684        19.000282909678532     
   4.6100001335144043        19.000263704129409     
   4.6199998855590820        19.000245739469648     
   4.6300001144409180        19.000228938586474     
   4.6399998664855957        19.000213231940489     
   4.6500000953674316        19.000198550923827     
   4.6599998474121094        19.000184833659290     
   4.6700000762939453        19.000172019187691     
   4.6799998283386230        19.000160052524588     
   4.6900000572204590        19.000148879578731     
   4.6999998092651367        19.000138451556399     
   4.7100000381469727        19.000128720523758     
   4.7199997901916504        19.000119643238580     
   4.7300000190734863        19.000111177279038     
   4.7399997711181641        19.000103284373498     
   4.7500000000000000        19.000095927026990     
   4.7599997520446777        19.000089071411558     
   4.7699999809265137        19.000082684429543     
   4.7799997329711914        19.000076736219647     
   4.7899999618530273        19.000071197603138     
   4.7999997138977051        19.000066042254293     
   4.8099999427795410        19.000061244481916     
   4.8199996948242188        19.000056781106995     
   4.8299999237060547        19.000052629537521     
   4.8399996757507324        19.000048769391043     
   4.8499999046325684        19.000045180825726     
   4.8599996566772461        19.000041845940906     
   4.8699998855590820        19.000038747331804     
   4.8800001144409180        19.000035869164858     
   4.8899998664855957        19.000033196588536     
   4.9000000953674316        19.000030715337143     
   4.9099998474121094        19.000028412542321     
   4.9200000762939453        19.000026275728949     
   4.9299998283386230        19.000024293644682     
   4.9400000572204590        19.000022455393484     
   4.9499998092651367        19.000020751148138     
   4.9600000381469727        19.000019171403327     
   4.9699997901916504        19.000017707586917     
   4.9800000190734863        19.000016351416775     
   4.9899997711181641        19.000015095424619     
   5.0000000000000000        19.000013932402705     
