  -5.0000000000000000        5.0000000008684164     
  -4.9899997711181641        5.0000000009557812     
  -4.9800000190734863        5.0000000010517116     
  -4.9699997901916504        5.0000000011570345     
  -4.9600000381469727        5.0000000012726336     
  -4.9499998092651367        5.0000000013994965     
  -4.9400000572204590        5.0000000015386785     
  -4.9299998283386230        5.0000000016913573     
  -4.9200000762939453        5.0000000018587896     
  -4.9099998474121094        5.0000000020423805     
  -4.9000000953674316        5.0000000022436266     
  -4.8899998664855957        5.0000000024641986     
  -4.8800001144409180        5.0000000027058791     
  -4.8699998855590820        5.0000000029706566     
  -4.8599996566772461        5.0000000032606620     
  -4.8499999046325684        5.0000000035782159     
  -4.8399996757507324        5.0000000039258934     
  -4.8299999237060547        5.0000000043064352     
  -4.8199996948242188        5.0000000047228976     
  -4.8099999427795410        5.0000000051785296     
  -4.7999997138977051        5.0000000056769576     
  -4.7899999618530273        5.0000000062220300     
  -4.7799997329711914        5.0000000068180430     
  -4.7699999809265137        5.0000000074695539     
  -4.7599997520446777        5.0000000081816465     
  -4.7500000000000000        5.0000000089597112     
  -4.7399997711181641        5.0000000098097601     
  -4.7300000190734863        5.0000000107381632     
  -4.7199997901916504        5.0000000117520225     
  -4.7100000381469727        5.0000000128588606     
  -4.6999998092651367        5.0000000140670586     
  -4.6900000572204590        5.0000000153854902     
  -4.6799998283386230        5.0000000168240391     
  -4.6700000762939453        5.0000000183931625     
  -4.6599998474121094        5.0000000201045056     
  -4.6500000953674316        5.0000000219703793     
  -4.6399998664855957        5.0000000240044926     
  -4.6300001144409180        5.0000000262213247     
  -4.6199998855590820        5.0000000286369994     
  -4.6100001335144043        5.0000000312685318     
  -4.5999999046325684        5.0000000341348647     
  -4.5899996757507324        5.0000000372561333     
  -4.5799999237060547        5.0000000406541067     
  -4.5699996948242188        5.0000000443528698     
  -4.5599999427795410        5.0000000483777942     
  -4.5499997138977051        5.0000000527571098     
  -4.5399999618530273        5.0000000575205368     
  -4.5299997329711914        5.0000000627011385     
  -4.5199999809265137        5.0000000683336925     
  -4.5099997520446777        5.0000000744568851     
  -4.5000000000000000        5.0000000811113763     
  -4.4899997711181641        5.0000000883423885     
  -4.4800000190734863        5.0000000961974163     
  -4.4699997901916504        5.0000001047292724     
  -4.4600000381469727        5.0000001139933818     
  -4.4499998092651367        5.0000001240513656     
  -4.4400000572204590        5.0000001349678396     
  -4.4299998283386230        5.0000001468146351     
  -4.4200000762939453        5.0000001596670156     
  -4.4099998474121094        5.0000001736086350     
  -4.4000000953674316        5.0000001887270731     
  -4.3899998664855957        5.0000002051196608     
  -4.3800001144409180        5.0000002228882163     
  -4.3699998855590820        5.0000002421458767     
  -4.3600001335144043        5.0000002630108975     
  -4.3499999046325684        5.0000002856146679     
  -4.3399996757507324        5.0000003100956194     
  -4.3299999237060547        5.0000003366025458     
  -4.3199996948242188        5.0000003652995835     
  -4.3099999427795410        5.0000003963579385     
  -4.2999997138977051        5.0000004299677734     
  -4.2899999618530273        5.0000004663272728     
  -4.2799997329711914        5.0000005056565398     
  -4.2699999809265137        5.0000005481847740     
  -4.2599997520446777        5.0000005941664920     
  -4.2500000000000000        5.0000006438665006     
  -4.2399997711181641        5.0000006975788320     
  -4.2300000190734863        5.0000007556091406     
  -4.2199997901916504        5.0000008182967832     
  -4.2100000381469727        5.0000008859942238     
  -4.1999998092651367        5.0000009590927519     
  -4.1900000572204590        5.0000010379984161     
  -4.1799998283386230        5.0000011231619572     
  -4.1700000762939453        5.0000012150507001     
  -4.1599998474121094        5.0000013141833692     
  -4.1500000953674316        5.0000014210972896     
  -4.1399998664855957        5.0000015363888464     
  -4.1300001144409180        5.0000016606752515     
  -4.1199998855590820        5.0000017946415127     
  -4.1100001335144043        5.0000019389959123     
  -4.0999999046325684        5.0000020945244898     
  -4.0899996757507324        5.0000022620475262     
  -4.0799999237060547        5.0000024424412546     
  -4.0699996948242188        5.0000026366701196     
  -4.0599999427795410        5.0000028457290018     
  -4.0499997138977051        5.0000030707218999     
  -4.0399999618530273        5.0000033127865668     
  -4.0299997329711914        5.0000035731855119     
  -4.0199999809265137        5.0000038532185931     
  -4.0099997520446777        5.0000041543281730     
  -4.0000000000000000        5.0000044779978383     
  -3.9900000095367432        5.0000048258652097     
  -3.9800000190734863        5.0000051996476742     
  -3.9700000286102295        5.0000056011865555     
  -3.9599997997283936        5.0000060324577129     
  -3.9499998092651367        5.0000064955375221     
  -3.9399998188018799        5.0000069926727608     
  -3.9299998283386230        5.0000075262489920     
  -3.9199998378753662        5.0000080988097331     
  -3.9099998474121094        5.0000087130662330     
  -3.8999998569488525        5.0000093719078107     
  -3.8899998664855957        5.0000100784127763     
  -3.8799998760223389        5.0000108358599666     
  -3.8699998855590820        5.0000116477409255     
  -3.8599998950958252        5.0000125177727703     
  -3.8499999046325684        5.0000134499117550     
  -3.8399999141693115        5.0000144483675957     
  -3.8299999237060547        5.0000155176185661     
  -3.8199999332427979        5.0000166624274236     
  -3.8099999427795410        5.0000178878581876     
  -3.7999999523162842        5.0000191992938214     
  -3.7899999618530273        5.0000206024548586     
  -3.7799999713897705        5.0000221034190142     
  -3.7699999809265137        5.0000237086418302     
  -3.7599999904632568        5.0000254249784009     
  -3.7500000000000000        5.0000272597062265     
  -3.7400000095367432        5.0000292205492478     
  -3.7300000190734863        5.0000313157031133     
  -3.7200000286102295        5.0000335538617335     
  -3.7099997997283936        5.0000359443040638     
  -3.6999998092651367        5.0000384966918547     
  -3.6899998188018799        5.0000412214420118     
  -3.6799998283386230        5.0000441295348130     
  -3.6699998378753662        5.0000472326029177     
  -3.6599998474121094        5.0000505429668927     
  -3.6499998569488525        5.0000540736724686     
  -3.6399998664855957        5.0000578385295738     
  -3.6299998760223389        5.0000618521532463     
  -3.6199998855590820        5.0000661300064708     
  -3.6099998950958252        5.0000706884450450     
  -3.5999999046325684        5.0000755447645187     
  -3.5899999141693115        5.0000807172493271     
  -3.5799999237060547        5.0000862252241554     
  -3.5699999332427979        5.0000920891076612     
  -3.5599999427795410        5.0000983304686111     
  -3.5499999523162842        5.0001049720845279     
  -3.5399999618530273        5.0001120380029480     
  -3.5299999713897705        5.0001195536053622     
  -3.5199999809265137        5.0001275456739531     
  -3.5099999904632568        5.0001360424612100     
  -3.5000000000000000        5.0001450737625186     
  -3.4900000095367432        5.0001546709918374     
  -3.4800000190734863        5.0001648672605423     
  -3.4700000286102295        5.0001756974595590     
  -3.4600000381469727        5.0001871983448654     
  -3.4499998092651367        5.0001994089263793     
  -3.4399998188018799        5.0002123693793630     
  -3.4299998283386230        5.0002261228859366     
  -3.4199998378753662        5.0002407145887124     
  -3.4099998474121094        5.0002561919772877     
  -3.3999998569488525        5.0002726049962476     
  -3.3899998664855957        5.0002900061572984     
  -3.3799998760223389        5.0003084506556350     
  -3.3699998855590820        5.0003279964906424     
  -3.3599998950958252        5.0003487045910484     
  -3.3499999046325684        5.0003706389446325     
  -3.3399999141693115        5.0003938667325922     
  -3.3299999237060547        5.0004184584686735     
  -3.3199999332427979        5.0004444881431755     
  -3.3099999427795410        5.0004720333719153     
  -3.2999999523162842        5.0005011755502693     
  -3.2899999618530273        5.0005320000123747     
  -3.2799999713897705        5.0005645961955958     
  -3.2699999809265137        5.0005990578103354     
  -3.2599999904632568        5.0006354830152882     
  -3.2500000000000000        5.0006739745982101     
  -3.2400000095367432        5.0007146401622924     
  -3.2300000190734863        5.0007575923182044     
  -3.2200000286102295        5.0008029488818826     
  -3.2100000381469727        5.0008508330781192     
  -3.1999998092651367        5.0009013749877296     
  -3.1899998188018799        5.0009547068802602     
  -3.1799998283386230        5.0010109706604107     
  -3.1699998378753662        5.0010703133423693     
  -3.1599998474121094        5.0011328884559250     
  -3.1499998569488525        5.0011988562857956     
  -3.1399998664855957        5.0012683841170000     
  -3.1299998760223389        5.0013416464862477     
  -3.1199998855590820        5.0014188254393517     
  -3.1099998950958252        5.0015001107946091     
  -3.0999999046325684        5.0015857004121420     
  -3.0899999141693115        5.0016758004691155     
  -3.0799999237060547        5.0017706257407806     
  -3.0699999332427979        5.0018703998872596     
  -3.0599999427795410        5.0019753557459667     
  -3.0499999523162842        5.0020857356295574     
  -3.0399999618530273        5.0022017916292718     
  -3.0299999713897705        5.0023237859235188     
  -3.0199999809265137        5.0024519910915428     
  -3.0099999904632568        5.0025866904319685     
  -3.0000000000000000        5.0027281782860280     
  -2.9900000095367432        5.0028767603652398     
  -2.9800000190734863        5.0030327540832786     
  -2.9700000286102295        5.0031964888917653     
  -2.9600000381469727        5.0033683066196852     
  -2.9500000476837158        5.0035485618160953     
  -2.9399998188018799        5.0037376267113087     
  -2.9299998283386230        5.0039358733267081     
  -2.9199998378753662        5.0041437008568597     
  -2.9099998474121094        5.0043615182117511     
  -2.8999998569488525        5.0045897487713180     
  -2.8899998664855957        5.0048288307396556     
  -2.8799998760223389        5.0050792174995093     
  -2.8699998855590820        5.0053413779664817     
  -2.8599998950958252        5.0056157969423740     
  -2.8499999046325684        5.0059029754670652     
  -2.8399999141693115        5.0062034311682506     
  -2.8299999237060547        5.0065176986083904     
  -2.8199999332427979        5.0068463296281296     
  -2.8099999427795410        5.0071898936854478     
  -2.7999999523162842        5.0075489781897522     
  -2.7899999618530273        5.0079241888300929     
  -2.7799999713897705        5.0083161498966415     
  -2.7699999809265137        5.0087255045945378     
  -2.7599999904632568        5.0091529153491754     
  -2.7500000000000000        5.0095990641019590     
  -2.7400000095367432        5.0100646525955312     
  -2.7300000190734863        5.0105504026474152     
  -2.7200000286102295        5.0110570564110146     
  -2.7100000381469727        5.0115853766228371     
  -2.7000000476837158        5.0121361468347976     
  -2.6900000572204590        5.0127101716304159     
  -2.6799998283386230        5.0133082913773892     
  -2.6699998378753662        5.0139313247976078     
  -2.6599998474121094        5.0145801546569997     
  -2.6499998569488525        5.0152556714622065     
  -2.6399998664855957        5.0159587875467464     
  -2.6299998760223389        5.0166904371636356     
  -2.6199998855590820        5.0174515765526131     
  -2.6099998950958252        5.0182431839805233     
  -2.5999999046325684        5.0190662597533580     
  -2.5899999141693115        5.0199218261984635     
  -2.5799999237060547        5.0208109276153747     
  -2.5699999332427979        5.0217346301937118     
  -2.5599999427795410        5.0226940218965606     
  -2.5499999523162842        5.0236902123077485     
  -2.5399999618530273        5.0247243324413811     
  -2.5299999713897705        5.0257975345120256     
  -2.5199999809265137        5.0269109916638834     
  -2.5099999904632568        5.0280658976573100     
  -2.5000000000000000        5.0292634665110141     
  -2.4900000095367432        5.0305049320982702     
  -2.4800000190734863        5.0317915476954962     
  -2.4700000286102295        5.0331245854815148     
  -2.4600000381469727        5.0345053359858571     
  -2.4500000476837158        5.0359351074844563     
  -2.4400000572204590        5.0374152253411122     
  -2.4299998283386230        5.0389470684411721     
  -2.4199998378753662        5.0405319211083990     
  -2.4099998474121094        5.0421711913524723     
  -2.3999998569488525        5.0438662651628752     
  -2.3899998664855957        5.0456185414551014     
  -2.3799998760223389        5.0474294310537600     
  -2.3699998855590820        5.0493003556107841     
  -2.3599998950958252        5.0512327464573659     
  -2.3499999046325684        5.0532280433883390     
  -2.3399999141693115        5.0552876933777400     
  -2.3299999237060547        5.0574131492243897     
  -2.3199999332427979        5.0596058681263765     
  -2.3099999427795410        5.0618673101834268     
  -2.2999999523162842        5.0641989368262061     
  -2.2899999618530273        5.0666022091717080     
  -2.2799999713897705        5.0690785863039629     
  -2.2699999809265137        5.0716295234794160     
  -2.2599999904632568        5.0742564702564197     
  -2.2500000000000000        5.0769608685484116     
  -2.2400000095367432        5.0797441506004448     
  -2.2300000190734863        5.0826077368889067     
  -2.2200000286102295        5.0855530339443300     
  -2.2100000381469727        5.0885814320974196     
  -2.2000000476837158        5.0916943031484720     
  -2.1900000572204590        5.0948929979606001     
  -2.1800000667572021        5.0981788439772640     
  -2.1699998378753662        5.1015532241790833     
  -2.1599998474121094        5.1050172505493387     
  -2.1499998569488525        5.1085722440216186     
  -2.1399998664855957        5.1122194120493889     
  -2.1299998760223389        5.1159599251490118     
  -2.1199998855590820        5.1197949139837746     
  -2.1099998950958252        5.1237254663807743     
  -2.0999999046325684        5.1277526242826692     
  -2.0899999141693115        5.1318773806364506     
  -2.0799999237060547        5.1361006762216528     
  -2.0699999332427979        5.1404233964205783     
  -2.0599999427795410        5.1448463679333800     
  -2.0499999523162842        5.1493703554410200     
  -2.0399999618530273        5.1539960582193762     
  -2.0299999713897705        5.1587241067079752     
  -2.0199999809265137        5.1635550590370647     
  -2.0099999904632568        5.1684893975169679     
  -2.0000000000000000        5.1735275250938786     
  -1.9900000095367432        5.1786697617765167     
  -1.9799998998641968        5.1839164042050125     
  -1.9699999094009399        5.1892674706124149     
  -1.9599999189376831        5.1947230724549973     
  -1.9499999284744263        5.2002831618408596     
  -1.9399999380111694        5.2059475898067760     
  -1.9299999475479126        5.2117161026752798     
  -1.9199999570846558        5.2175883384198398     
  -1.9099999666213989        5.2235638230443362     
  -1.8999999761581421        5.2296419669832899     
  -1.8899999856948853        5.2358220615294710     
  -1.8799999952316284        5.2421032752957437     
  -1.8700000047683716        5.2484846507181908     
  -1.8600000143051147        5.2549651006077625     
  -1.8499999046325684        5.2615434837554487     
  -1.8399999141693115        5.2682182867547853     
  -1.8299999237060547        5.2749880912859997     
  -1.8199999332427979        5.2818512584081123     
  -1.8099999427795410        5.2888060033068083     
  -1.7999999523162842        5.2958503922989326     
  -1.7899999618530273        5.3029823399408480     
  -1.7799999713897705        5.3101996062490775     
  -1.7699999809265137        5.3174997940417850     
  -1.7599999904632568        5.3248803464097323     
  -1.7500000000000000        5.3323385443253972     
  -1.7400000095367432        5.3398715043990190     
  -1.7300000190734863        5.3474761767903640     
  -1.7199999094009399        5.3551494351513576     
  -1.7099999189376831        5.3628877081656814     
  -1.6999999284744263        5.3706875268693794     
  -1.6899999380111694        5.3785451581589436     
  -1.6799999475479126        5.3864566946834707     
  -1.6699999570846558        5.3944180538755013     
  -1.6599999666213989        5.4024249771987858     
  -1.6499999761581421        5.4104730296214409     
  -1.6399999856948853        5.4185575993228303     
  -1.6299999952316284        5.4266738976423570     
  -1.6200000047683716        5.4348169592781685     
  -1.6100000143051147        5.4429816427435949     
  -1.5999999046325684        5.4511627286895195     
  -1.5899999141693115        5.4593545305918667     
  -1.5799999237060547        5.4675514812744623     
  -1.5699999332427979        5.4757477444889080     
  -1.5599999427795410        5.4839373142070631     
  -1.5499999523162842        5.4921140167741331     
  -1.5399999618530273        5.5002715133667879     
  -1.5299999713897705        5.5084033027617458     
  -1.5199999809265137        5.5165027244198406     
  -1.5099999904632568        5.5245629618901759     
  -1.5000000000000000        5.5325770465385169     
  -1.4900000095367432        5.5405378616035978     
  -1.4800000190734863        5.5484381465845463     
  -1.4699999094009399        5.5562705948964357     
  -1.4599999189376831        5.5640274862450703     
  -1.4499999284744263        5.5717012523706364     
  -1.4399999380111694        5.5792841083912776     
  -1.4299999475479126        5.5867681526640505     
  -1.4199999570846558        5.5941453731959054     
  -1.4099999666213989        5.6014076543926290     
  -1.3999999761581421        5.6085467841443029     
  -1.3899999856948853        5.6155544612451536     
  -1.3799999952316284        5.6224223031450000     
  -1.3700000047683716        5.6291418540288181     
  -1.3600000143051147        5.6357045932202432     
  -1.3500000238418579        5.6421019439041080     
  -1.3399999141693115        5.6483253552788666     
  -1.3299999237060547        5.6543660172044605     
  -1.3199999332427979        5.6602153151285437     
  -1.3099999427795410        5.6658645410750363     
  -1.2999999523162842        5.6713049791053969     
  -1.2899999618530273        5.6765279158118105     
  -1.2799999713897705        5.6815246510746142     
  -1.2699999809265137        5.6862865090731578     
  -1.2599999904632568        5.6908048495385497     
  -1.2500000000000000        5.6950710792359818     
  -1.2400000095367432        5.6990766636636048     
  -1.2300000190734863        5.7028131389542063     
  -1.2200000286102295        5.7062721239652099     
  -1.2099999189376831        5.7094453686334417     
  -1.1999999284744263        5.7123246184765017     
  -1.1899999380111694        5.7149018542659160     
  -1.1799999475479126        5.7171691498799904     
  -1.1699999570846558        5.7191187246414561     
  -1.1599999666213989        5.7207429561949894     
  -1.1499999761581421        5.7220343934528639     
  -1.1399999856948853        5.7229857695891084     
  -1.1299999952316284        5.7235900150619905     
  -1.1200000047683716        5.7238402706441249     
  -1.1100000143051147        5.7237299004390438     
  -1.1000000238418579        5.7232525048625682     
  -1.0900000333786011        5.7224019335669460     
  -1.0799999237060547        5.7211722813448942     
  -1.0699999332427979        5.7195579640152419     
  -1.0599999427795410        5.7175536431892500     
  -1.0499999523162842        5.7151542927727954     
  -1.0399999618530273        5.7123551988737935     
  -1.0299999713897705        5.7091519719009511     
  -1.0199999809265137        5.7055405584423440     
  -1.0099999904632568        5.7015172528998157     
  -1.0000000000000000        5.6970787088551580     
 -0.98999994993209839        5.6922219199437354     
 -0.97999995946884155        5.6869443488981632     
 -0.96999996900558472        5.6812437642976610     
 -0.95999997854232788        5.6751183639036835     
 -0.94999998807907104        5.6685667566267623     
 -0.93999999761581421        5.6615879717821187     
 -0.93000000715255737        5.6541814679116307     
 -0.91999995708465576        5.6463470931787469     
 -0.90999996662139893        5.6380852825930727     
 -0.89999997615814209        5.6293967852168656     
 -0.88999998569488525        5.6202828552665682     
 -0.87999999523162842        5.6107452130153010     
 -0.87000000476837158        5.6007860505547926     
 -0.85999995470046997        5.5904079738759034     
 -0.84999996423721313        5.5796142573823886     
 -0.83999997377395630        5.5684084766787301     
 -0.82999998331069946        5.5567947568533622     
 -0.81999999284744263        5.5447777145438346     
 -0.81000000238418579        5.5323624599484802     
 -0.79999995231628418        5.5195545206588541     
 -0.78999996185302734        5.5063601500096038     
 -0.77999997138977051        5.4927858689113052     
 -0.76999998092651367        5.4788387681305490     
 -0.75999999046325684        5.4645264316031428     
 -0.75000000000000000        5.4498569341888876     
 -0.74000000953674316        5.4348388386838193     
 -0.72999995946884155        5.4194810995516240     
 -0.71999996900558472        5.4037934266238423     
 -0.70999997854232788        5.3877857305342811     
 -0.69999998807907104        5.3714684809074660     
 -0.68999999761581421        5.3548526090547748     
 -0.68000000715255737        5.3379495004465713     
 -0.66999995708465576        5.3207708832374454     
 -0.65999996662139893        5.3033292304486990     
 -0.64999997615814209        5.2856371357151453     
 -0.63999998569488525        5.2677077107598578     
 -0.62999999523162842        5.2495544725390735     
 -0.62000000476837158        5.2311913312429024     
 -0.61000001430511475        5.2126325775791260     
 -0.59999996423721313        5.1938927571449582     
 -0.58999997377395630        5.1749871041991149     
 -0.57999998331069946        5.1559308565533222     
 -0.56999999284744263        5.1367396859368464     
 -0.56000000238418579        5.1174295707310069     
 -0.55000001192092896        5.0980167792529230     
 -0.53999996185302734        5.0785177359897489     
 -0.52999997138977051        5.0589494691197636     
 -0.51999998092651367        5.0393288945659735     
 -0.50999999046325684        5.0196732614959796     
 -0.50000000000000000        5.0000000168371983     
 -0.48999997973442078        4.9803267266797677     
 -0.47999998927116394        4.9606712903713648     
 -0.46999999880790710        4.9410515677901099     
 -0.45999997854232788        4.9214855344593973     
 -0.44999998807907104        4.9019914343815181     
 -0.43999999761581421        4.8825874081374714     
 -0.42999997735023499        4.8632916467784133     
 -0.41999998688697815        4.8441225406198498     
 -0.40999999642372131        4.8250983113808719     
 -0.39999997615814209        4.8062371637050303     
 -0.38999998569488525        4.7875574287512057     
 -0.37999999523162842        4.7690772036297195     
 -0.37000000476837158        4.7508145534896782     
 -0.35999998450279236        4.7327873783485659     
 -0.34999999403953552        4.7150136039384671     
 -0.34000000357627869        4.6975108359443771     
 -0.32999998331069946        4.6802965015489617     
 -0.31999999284744263        4.6633879765484645     
 -0.31000000238418579        4.6468022544465670     
 -0.29999998211860657        4.6305560818606084     
 -0.28999999165534973        4.6146660768374810     
 -0.28000000119209290        4.5991484159290170     
 -0.26999998092651367        4.5840189623876864     
 -0.25999999046325684        4.5692933747299556     
 -0.25000000000000000        4.5549868147937600     
 -0.23999999463558197        4.5411140880389995     
 -0.22999998927116394        4.5276896397743345     
 -0.21999999880790710        4.5147274904481609     
 -0.20999999344348907        4.5022411612306925     
 -0.19999998807907104        4.4902437710099505     
 -0.18999999761581421        4.4787479568297295     
 -0.17999999225139618        4.4677658080565834     
 -0.17000000178813934        4.4573089673023016     
 -0.15999999642372131        4.4473884831975896     
 -0.14999999105930328        4.4380149057353542     
 -0.14000000059604645        4.4291982209167831     
 -0.12999999523162842        4.4209478008267942     
 -0.11999999731779099        4.4132724745979024     
 -0.10999999940395355        4.4061804450578599     
  -9.9999994039535522E-002   4.3996793041684290     
  -8.9999996125698090E-002   4.3937760347249313     
  -7.9999998211860657E-002   4.3884769712877842     
  -7.0000000298023224E-002   4.3837878109020894     
  -5.9999998658895493E-002   4.3797135984412421     
  -4.9999997019767761E-002   4.3762587240166724     
  -3.9999999105930328E-002   4.3734269124663090     
  -2.9999999329447746E-002   4.3712212162126924     
  -1.9999999552965164E-002   4.3696440158977108     
  -9.9999997764825821E-003   4.3686970140201540     
   0.0000000000000000        4.3683812330636300     
   9.9999997764825821E-003   4.3686970140201540     
   1.9999999552965164E-002   4.3696440158977108     
   2.9999999329447746E-002   4.3712212162126924     
   3.9999999105930328E-002   4.3734269124663090     
   4.9999997019767761E-002   4.3762587240166724     
   5.9999998658895493E-002   4.3797135984412421     
   7.0000000298023224E-002   4.3837878109020894     
   7.9999998211860657E-002   4.3884769712877842     
   8.9999996125698090E-002   4.3937760347249313     
   9.9999994039535522E-002   4.3996793041684290     
  0.10999999940395355        4.4061804450578599     
  0.11999999731779099        4.4132724745979024     
  0.12999999523162842        4.4209478008267942     
  0.14000000059604645        4.4291982209167831     
  0.14999999105930328        4.4380149057353542     
  0.15999999642372131        4.4473884831975896     
  0.17000000178813934        4.4573089673023016     
  0.17999999225139618        4.4677658080565834     
  0.18999999761581421        4.4787479568297295     
  0.19999998807907104        4.4902437710099505     
  0.20999999344348907        4.5022411612306925     
  0.21999999880790710        4.5147274904481609     
  0.22999998927116394        4.5276896397743345     
  0.23999999463558197        4.5411140880389995     
  0.25000000000000000        4.5549868147937600     
  0.25999999046325684        4.5692933747299556     
  0.26999998092651367        4.5840189623876864     
  0.28000000119209290        4.5991484159290170     
  0.28999999165534973        4.6146660768374810     
  0.29999998211860657        4.6305560818606084     
  0.31000000238418579        4.6468022544465670     
  0.31999999284744263        4.6633879765484645     
  0.32999998331069946        4.6802965015489617     
  0.34000000357627869        4.6975108359443771     
  0.34999999403953552        4.7150136039384671     
  0.35999998450279236        4.7327873783485659     
  0.37000000476837158        4.7508145534896782     
  0.37999999523162842        4.7690772036297195     
  0.38999998569488525        4.7875574287512057     
  0.39999997615814209        4.8062371637050303     
  0.40999999642372131        4.8250983113808719     
  0.41999998688697815        4.8441225406198498     
  0.42999997735023499        4.8632916467784133     
  0.43999999761581421        4.8825874081374714     
  0.44999998807907104        4.9019914343815181     
  0.45999997854232788        4.9214855344593973     
  0.46999999880790710        4.9410515677901099     
  0.47999998927116394        4.9606712903713648     
  0.48999997973442078        4.9803267266797677     
  0.50000000000000000        5.0000000168371983     
  0.50999999046325684        5.0196732614959796     
  0.51999998092651367        5.0393288945659735     
  0.52999997138977051        5.0589494691197636     
  0.53999996185302734        5.0785177359897489     
  0.55000001192092896        5.0980167792529230     
  0.56000000238418579        5.1174295707310069     
  0.56999999284744263        5.1367396859368464     
  0.57999998331069946        5.1559308565533222     
  0.58999997377395630        5.1749871041991149     
  0.59999996423721313        5.1938927571449582     
  0.61000001430511475        5.2126325775791260     
  0.62000000476837158        5.2311913312429024     
  0.62999999523162842        5.2495544725390735     
  0.63999998569488525        5.2677077107598578     
  0.64999997615814209        5.2856371357151453     
  0.65999996662139893        5.3033292304486990     
  0.66999995708465576        5.3207708832374454     
  0.68000000715255737        5.3379495004465713     
  0.68999999761581421        5.3548526090547748     
  0.69999998807907104        5.3714684809074660     
  0.70999997854232788        5.3877857305342811     
  0.71999996900558472        5.4037934266238423     
  0.72999995946884155        5.4194810995516240     
  0.74000000953674316        5.4348388386838193     
  0.75000000000000000        5.4498569341888876     
  0.75999999046325684        5.4645264316031428     
  0.76999998092651367        5.4788387681305490     
  0.77999997138977051        5.4927858689113052     
  0.78999996185302734        5.5063601500096038     
  0.79999995231628418        5.5195545206588541     
  0.81000000238418579        5.5323624599484802     
  0.81999999284744263        5.5447777145438346     
  0.82999998331069946        5.5567947568533622     
  0.83999997377395630        5.5684084766787301     
  0.84999996423721313        5.5796142573823886     
  0.85999995470046997        5.5904079738759034     
  0.87000000476837158        5.6007860505547926     
  0.87999999523162842        5.6107452130153010     
  0.88999998569488525        5.6202828552665682     
  0.89999997615814209        5.6293967852168656     
  0.90999996662139893        5.6380852825930727     
  0.91999995708465576        5.6463470931787469     
  0.93000000715255737        5.6541814679116307     
  0.93999999761581421        5.6615879717821187     
  0.94999998807907104        5.6685667566267623     
  0.95999997854232788        5.6751183639036835     
  0.96999996900558472        5.6812437642976610     
  0.97999995946884155        5.6869443488981632     
  0.98999994993209839        5.6922219199437354     
   1.0000000000000000        5.6970787088551580     
   1.0099999904632568        5.7015172528998157     
   1.0199999809265137        5.7055405584423440     
   1.0299999713897705        5.7091519719009511     
   1.0399999618530273        5.7123551988737935     
   1.0499999523162842        5.7151542927727954     
   1.0599999427795410        5.7175536431892500     
   1.0699999332427979        5.7195579640152419     
   1.0799999237060547        5.7211722813448942     
   1.0900000333786011        5.7224019335669460     
   1.1000000238418579        5.7232525048625682     
   1.1100000143051147        5.7237299004390438     
   1.1200000047683716        5.7238402706441249     
   1.1299999952316284        5.7235900150619905     
   1.1399999856948853        5.7229857695891084     
   1.1499999761581421        5.7220343934528639     
   1.1599999666213989        5.7207429561949894     
   1.1699999570846558        5.7191187246414561     
   1.1799999475479126        5.7171691498799904     
   1.1899999380111694        5.7149018542659160     
   1.1999999284744263        5.7123246184765017     
   1.2099999189376831        5.7094453686334417     
   1.2200000286102295        5.7062721239652099     
   1.2300000190734863        5.7028131389542063     
   1.2400000095367432        5.6990766636636048     
   1.2500000000000000        5.6950710792359818     
   1.2599999904632568        5.6908048495385497     
   1.2699999809265137        5.6862865090731578     
   1.2799999713897705        5.6815246510746142     
   1.2899999618530273        5.6765279158118105     
   1.2999999523162842        5.6713049791053969     
   1.3099999427795410        5.6658645410750363     
   1.3199999332427979        5.6602153151285437     
   1.3299999237060547        5.6543660172044605     
   1.3399999141693115        5.6483253552788666     
   1.3500000238418579        5.6421019439041080     
   1.3600000143051147        5.6357045932202432     
   1.3700000047683716        5.6291418540288181     
   1.3799999952316284        5.6224223031450000     
   1.3899999856948853        5.6155544612451536     
   1.3999999761581421        5.6085467841443029     
   1.4099999666213989        5.6014076543926290     
   1.4199999570846558        5.5941453731959054     
   1.4299999475479126        5.5867681526640505     
   1.4399999380111694        5.5792841083912776     
   1.4499999284744263        5.5717012523706364     
   1.4599999189376831        5.5640274862450703     
   1.4699999094009399        5.5562705948964357     
   1.4800000190734863        5.5484381465845463     
   1.4900000095367432        5.5405378616035978     
   1.5000000000000000        5.5325770465385169     
   1.5099999904632568        5.5245629618901759     
   1.5199999809265137        5.5165027244198406     
   1.5299999713897705        5.5084033027617458     
   1.5399999618530273        5.5002715133667879     
   1.5499999523162842        5.4921140167741331     
   1.5599999427795410        5.4839373142070631     
   1.5699999332427979        5.4757477444889080     
   1.5799999237060547        5.4675514812744623     
   1.5899999141693115        5.4593545305918667     
   1.5999999046325684        5.4511627286895195     
   1.6100000143051147        5.4429816427435949     
   1.6200000047683716        5.4348169592781685     
   1.6299999952316284        5.4266738976423570     
   1.6399999856948853        5.4185575993228303     
   1.6499999761581421        5.4104730296214409     
   1.6599999666213989        5.4024249771987858     
   1.6699999570846558        5.3944180538755013     
   1.6799999475479126        5.3864566946834707     
   1.6899999380111694        5.3785451581589436     
   1.6999999284744263        5.3706875268693794     
   1.7099999189376831        5.3628877081656814     
   1.7199999094009399        5.3551494351513576     
   1.7300000190734863        5.3474761767903640     
   1.7400000095367432        5.3398715043990190     
   1.7500000000000000        5.3323385443253972     
   1.7599999904632568        5.3248803464097323     
   1.7699999809265137        5.3174997940417850     
   1.7799999713897705        5.3101996062490775     
   1.7899999618530273        5.3029823399408480     
   1.7999999523162842        5.2958503922989326     
   1.8099999427795410        5.2888060033068083     
   1.8199999332427979        5.2818512584081123     
   1.8299999237060547        5.2749880912859997     
   1.8399999141693115        5.2682182867547853     
   1.8499999046325684        5.2615434837554487     
   1.8600000143051147        5.2549651006077625     
   1.8700000047683716        5.2484846507181908     
   1.8799999952316284        5.2421032752957437     
   1.8899999856948853        5.2358220615294710     
   1.8999999761581421        5.2296419669832899     
   1.9099999666213989        5.2235638230443362     
   1.9199999570846558        5.2175883384198398     
   1.9299999475479126        5.2117161026752798     
   1.9399999380111694        5.2059475898067760     
   1.9499999284744263        5.2002831618408596     
   1.9599999189376831        5.1947230724549973     
   1.9699999094009399        5.1892674706124149     
   1.9799998998641968        5.1839164042050125     
   1.9900000095367432        5.1786697617765167     
   2.0000000000000000        5.1735275250938786     
   2.0099999904632568        5.1684893975169679     
   2.0199999809265137        5.1635550590370647     
   2.0299999713897705        5.1587241067079752     
   2.0399999618530273        5.1539960582193762     
   2.0499999523162842        5.1493703554410200     
   2.0599999427795410        5.1448463679333800     
   2.0699999332427979        5.1404233964205783     
   2.0799999237060547        5.1361006762216528     
   2.0899999141693115        5.1318773806364506     
   2.0999999046325684        5.1277526242826692     
   2.1099998950958252        5.1237254663807743     
   2.1199998855590820        5.1197949139837746     
   2.1299998760223389        5.1159599251490118     
   2.1399998664855957        5.1122194120493889     
   2.1499998569488525        5.1085722440216186     
   2.1599998474121094        5.1050172505493387     
   2.1699998378753662        5.1015532241790833     
   2.1800000667572021        5.0981788439772640     
   2.1900000572204590        5.0948929979606001     
   2.2000000476837158        5.0916943031484720     
   2.2100000381469727        5.0885814320974196     
   2.2200000286102295        5.0855530339443300     
   2.2300000190734863        5.0826077368889067     
   2.2400000095367432        5.0797441506004448     
   2.2500000000000000        5.0769608685484116     
   2.2599999904632568        5.0742564702564197     
   2.2699999809265137        5.0716295234794160     
   2.2799999713897705        5.0690785863039629     
   2.2899999618530273        5.0666022091717080     
   2.2999999523162842        5.0641989368262061     
   2.3099999427795410        5.0618673101834268     
   2.3199999332427979        5.0596058681263765     
   2.3299999237060547        5.0574131492243897     
   2.3399999141693115        5.0552876933777400     
   2.3499999046325684        5.0532280433883390     
   2.3599998950958252        5.0512327464573659     
   2.3699998855590820        5.0493003556107841     
   2.3799998760223389        5.0474294310537600     
   2.3899998664855957        5.0456185414551014     
   2.3999998569488525        5.0438662651628752     
   2.4099998474121094        5.0421711913524723     
   2.4199998378753662        5.0405319211083990     
   2.4299998283386230        5.0389470684411721     
   2.4400000572204590        5.0374152253411122     
   2.4500000476837158        5.0359351074844563     
   2.4600000381469727        5.0345053359858571     
   2.4700000286102295        5.0331245854815148     
   2.4800000190734863        5.0317915476954962     
   2.4900000095367432        5.0305049320982702     
   2.5000000000000000        5.0292634665110141     
   2.5099999904632568        5.0280658976573100     
   2.5199999809265137        5.0269109916638834     
   2.5299999713897705        5.0257975345120256     
   2.5399999618530273        5.0247243324413811     
   2.5499999523162842        5.0236902123077485     
   2.5599999427795410        5.0226940218965606     
   2.5699999332427979        5.0217346301937118     
   2.5799999237060547        5.0208109276153747     
   2.5899999141693115        5.0199218261984635     
   2.5999999046325684        5.0190662597533580     
   2.6099998950958252        5.0182431839805233     
   2.6199998855590820        5.0174515765526131     
   2.6299998760223389        5.0166904371636356     
   2.6399998664855957        5.0159587875467464     
   2.6499998569488525        5.0152556714622065     
   2.6599998474121094        5.0145801546569997     
   2.6699998378753662        5.0139313247976078     
   2.6799998283386230        5.0133082913773892     
   2.6900000572204590        5.0127101716304159     
   2.7000000476837158        5.0121361468347976     
   2.7100000381469727        5.0115853766228371     
   2.7200000286102295        5.0110570564110146     
   2.7300000190734863        5.0105504026474152     
   2.7400000095367432        5.0100646525955312     
   2.7500000000000000        5.0095990641019590     
   2.7599999904632568        5.0091529153491754     
   2.7699999809265137        5.0087255045945378     
   2.7799999713897705        5.0083161498966415     
   2.7899999618530273        5.0079241888300929     
   2.7999999523162842        5.0075489781897522     
   2.8099999427795410        5.0071898936854478     
   2.8199999332427979        5.0068463296281296     
   2.8299999237060547        5.0065176986083904     
   2.8399999141693115        5.0062034311682506     
   2.8499999046325684        5.0059029754670652     
   2.8599998950958252        5.0056157969423740     
   2.8699998855590820        5.0053413779664817     
   2.8799998760223389        5.0050792174995093     
   2.8899998664855957        5.0048288307396556     
   2.8999998569488525        5.0045897487713180     
   2.9099998474121094        5.0043615182117511     
   2.9199998378753662        5.0041437008568597     
   2.9299998283386230        5.0039358733267081     
   2.9399998188018799        5.0037376267113087     
   2.9500000476837158        5.0035485618160953     
   2.9600000381469727        5.0033683066196852     
   2.9700000286102295        5.0031964888917653     
   2.9800000190734863        5.0030327540832786     
   2.9900000095367432        5.0028767603652398     
   3.0000000000000000        5.0027281782860280     
   3.0099999904632568        5.0025866904319685     
   3.0199999809265137        5.0024519910915428     
   3.0299999713897705        5.0023237859235188     
   3.0399999618530273        5.0022017916292718     
   3.0499999523162842        5.0020857356295574     
   3.0599999427795410        5.0019753557459667     
   3.0699999332427979        5.0018703998872596     
   3.0799999237060547        5.0017706257407806     
   3.0899999141693115        5.0016758004691155     
   3.0999999046325684        5.0015857004121420     
   3.1099998950958252        5.0015001107946091     
   3.1199998855590820        5.0014188254393517     
   3.1299998760223389        5.0013416464862477     
   3.1399998664855957        5.0012683841170000     
   3.1499998569488525        5.0011988562857956     
   3.1599998474121094        5.0011328884559250     
   3.1699998378753662        5.0010703133423693     
   3.1799998283386230        5.0010109706604107     
   3.1899998188018799        5.0009547068802602     
   3.1999998092651367        5.0009013749877296     
   3.2100000381469727        5.0008508330781192     
   3.2200000286102295        5.0008029488818826     
   3.2300000190734863        5.0007575923182044     
   3.2400000095367432        5.0007146401622924     
   3.2500000000000000        5.0006739745982101     
   3.2599999904632568        5.0006354830152882     
   3.2699999809265137        5.0005990578103354     
   3.2799999713897705        5.0005645961955958     
   3.2899999618530273        5.0005320000123747     
   3.2999999523162842        5.0005011755502693     
   3.3099999427795410        5.0004720333719153     
   3.3199999332427979        5.0004444881431755     
   3.3299999237060547        5.0004184584686735     
   3.3399999141693115        5.0003938667325922     
   3.3499999046325684        5.0003706389446325     
   3.3599998950958252        5.0003487045910484     
   3.3699998855590820        5.0003279964906424     
   3.3799998760223389        5.0003084506556350     
   3.3899998664855957        5.0002900061572984     
   3.3999998569488525        5.0002726049962476     
   3.4099998474121094        5.0002561919772877     
   3.4199998378753662        5.0002407145887124     
   3.4299998283386230        5.0002261228859366     
   3.4399998188018799        5.0002123693793630     
   3.4499998092651367        5.0001994089263793     
   3.4600000381469727        5.0001871983448654     
   3.4700000286102295        5.0001756974595590     
   3.4800000190734863        5.0001648672605423     
   3.4900000095367432        5.0001546709918374     
   3.5000000000000000        5.0001450737625186     
   3.5099999904632568        5.0001360424612100     
   3.5199999809265137        5.0001275456739531     
   3.5299999713897705        5.0001195536053622     
   3.5399999618530273        5.0001120380029480     
   3.5499999523162842        5.0001049720845279     
   3.5599999427795410        5.0000983304686111     
   3.5699999332427979        5.0000920891076612     
   3.5799999237060547        5.0000862252241554     
   3.5899999141693115        5.0000807172493271     
   3.5999999046325684        5.0000755447645187     
   3.6099998950958252        5.0000706884450450     
   3.6199998855590820        5.0000661300064708     
   3.6299998760223389        5.0000618521532463     
   3.6399998664855957        5.0000578385295738     
   3.6499998569488525        5.0000540736724686     
   3.6599998474121094        5.0000505429668927     
   3.6699998378753662        5.0000472326029177     
   3.6799998283386230        5.0000441295348130     
   3.6899998188018799        5.0000412214420118     
   3.6999998092651367        5.0000384966918547     
   3.7099997997283936        5.0000359443040638     
   3.7200000286102295        5.0000335538617335     
   3.7300000190734863        5.0000313157031133     
   3.7400000095367432        5.0000292205492478     
   3.7500000000000000        5.0000272597062265     
   3.7599999904632568        5.0000254249784009     
   3.7699999809265137        5.0000237086418302     
   3.7799999713897705        5.0000221034190142     
   3.7899999618530273        5.0000206024548586     
   3.7999999523162842        5.0000191992938214     
   3.8099999427795410        5.0000178878581876     
   3.8199999332427979        5.0000166624274236     
   3.8299999237060547        5.0000155176185661     
   3.8399999141693115        5.0000144483675957     
   3.8499999046325684        5.0000134499117550     
   3.8599998950958252        5.0000125177727703     
   3.8699998855590820        5.0000116477409255     
   3.8799998760223389        5.0000108358599666     
   3.8899998664855957        5.0000100784127763     
   3.8999998569488525        5.0000093719078107     
   3.9099998474121094        5.0000087130662330     
   3.9199998378753662        5.0000080988097331     
   3.9299998283386230        5.0000075262489920     
   3.9399998188018799        5.0000069926727608     
   3.9499998092651367        5.0000064955375221     
   3.9599997997283936        5.0000060324577129     
   3.9700000286102295        5.0000056011865555     
   3.9800000190734863        5.0000051996476742     
   3.9900000095367432        5.0000048258652097     
   4.0000000000000000        5.0000044779978383     
   4.0099997520446777        5.0000041543281730     
   4.0199999809265137        5.0000038532185931     
   4.0299997329711914        5.0000035731855119     
   4.0399999618530273        5.0000033127865668     
   4.0499997138977051        5.0000030707218999     
   4.0599999427795410        5.0000028457290018     
   4.0699996948242188        5.0000026366701196     
   4.0799999237060547        5.0000024424412546     
   4.0899996757507324        5.0000022620475262     
   4.0999999046325684        5.0000020945244898     
   4.1100001335144043        5.0000019389959123     
   4.1199998855590820        5.0000017946415127     
   4.1300001144409180        5.0000016606752515     
   4.1399998664855957        5.0000015363888464     
   4.1500000953674316        5.0000014210972896     
   4.1599998474121094        5.0000013141833692     
   4.1700000762939453        5.0000012150507001     
   4.1799998283386230        5.0000011231619572     
   4.1900000572204590        5.0000010379984161     
   4.1999998092651367        5.0000009590927519     
   4.2100000381469727        5.0000008859942238     
   4.2199997901916504        5.0000008182967832     
   4.2300000190734863        5.0000007556091406     
   4.2399997711181641        5.0000006975788320     
   4.2500000000000000        5.0000006438665006     
   4.2599997520446777        5.0000005941664920     
   4.2699999809265137        5.0000005481847740     
   4.2799997329711914        5.0000005056565398     
   4.2899999618530273        5.0000004663272728     
   4.2999997138977051        5.0000004299677734     
   4.3099999427795410        5.0000003963579385     
   4.3199996948242188        5.0000003652995835     
   4.3299999237060547        5.0000003366025458     
   4.3399996757507324        5.0000003100956194     
   4.3499999046325684        5.0000002856146679     
   4.3600001335144043        5.0000002630108975     
   4.3699998855590820        5.0000002421458767     
   4.3800001144409180        5.0000002228882163     
   4.3899998664855957        5.0000002051196608     
   4.4000000953674316        5.0000001887270731     
   4.4099998474121094        5.0000001736086350     
   4.4200000762939453        5.0000001596670156     
   4.4299998283386230        5.0000001468146351     
   4.4400000572204590        5.0000001349678396     
   4.4499998092651367        5.0000001240513656     
   4.4600000381469727        5.0000001139933818     
   4.4699997901916504        5.0000001047292724     
   4.4800000190734863        5.0000000961974163     
   4.4899997711181641        5.0000000883423885     
   4.5000000000000000        5.0000000811113763     
   4.5099997520446777        5.0000000744568851     
   4.5199999809265137        5.0000000683336925     
   4.5299997329711914        5.0000000627011385     
   4.5399999618530273        5.0000000575205368     
   4.5499997138977051        5.0000000527571098     
   4.5599999427795410        5.0000000483777942     
   4.5699996948242188        5.0000000443528698     
   4.5799999237060547        5.0000000406541067     
   4.5899996757507324        5.0000000372561333     
   4.5999999046325684        5.0000000341348647     
   4.6100001335144043        5.0000000312685318     
   4.6199998855590820        5.0000000286369994     
   4.6300001144409180        5.0000000262213247     
   4.6399998664855957        5.0000000240044926     
   4.6500000953674316        5.0000000219703793     
   4.6599998474121094        5.0000000201045056     
   4.6700000762939453        5.0000000183931625     
   4.6799998283386230        5.0000000168240391     
   4.6900000572204590        5.0000000153854902     
   4.6999998092651367        5.0000000140670586     
   4.7100000381469727        5.0000000128588606     
   4.7199997901916504        5.0000000117520225     
   4.7300000190734863        5.0000000107381632     
   4.7399997711181641        5.0000000098097601     
   4.7500000000000000        5.0000000089597112     
   4.7599997520446777        5.0000000081816465     
   4.7699999809265137        5.0000000074695539     
   4.7799997329711914        5.0000000068180430     
   4.7899999618530273        5.0000000062220300     
   4.7999997138977051        5.0000000056769576     
   4.8099999427795410        5.0000000051785296     
   4.8199996948242188        5.0000000047228976     
   4.8299999237060547        5.0000000043064352     
   4.8399996757507324        5.0000000039258934     
   4.8499999046325684        5.0000000035782159     
   4.8599996566772461        5.0000000032606620     
   4.8699998855590820        5.0000000029706566     
   4.8800001144409180        5.0000000027058791     
   4.8899998664855957        5.0000000024641986     
   4.9000000953674316        5.0000000022436266     
   4.9099998474121094        5.0000000020423805     
   4.9200000762939453        5.0000000018587896     
   4.9299998283386230        5.0000000016913573     
   4.9400000572204590        5.0000000015386785     
   4.9499998092651367        5.0000000013994965     
   4.9600000381469727        5.0000000012726336     
   4.9699997901916504        5.0000000011570345     
   4.9800000190734863        5.0000000010517116     
   4.9899997711181641        5.0000000009557812     
   5.0000000000000000        5.0000000008684164     
