  -5.0000000000000000        10.999999897910028     
  -4.9899997711181641        10.999999888356051     
  -4.9800000190734863        10.999999877935696     
  -4.9699997901916504        10.999999866571933     
  -4.9600000381469727        10.999999854183386     
  -4.9499998092651367        10.999999840679465     
  -4.9400000572204590        10.999999825964547     
  -4.9299998283386230        10.999999809932213     
  -4.9200000762939453        10.999999792470209     
  -4.9099998474121094        10.999999773453634     
  -4.9000000953674316        10.999999752750854     
  -4.8899998664855957        10.999999730215421     
  -4.8800001144409180        10.999999705693128     
  -4.8699998855590820        10.999999679012442     
  -4.8599996566772461        10.999999649991448     
  -4.8499999046325684        10.999999618433762     
  -4.8399996757507324        10.999999584122355     
  -4.8299999237060547        10.999999546829168     
  -4.8199996948242188        10.999999506300638     
  -4.8099999427795410        10.999999462270544     
  -4.7999997138977051        10.999999414442943     
  -4.7899999618530273        10.999999362507380     
  -4.7799997329711914        10.999999306118795     
  -4.7699999809265137        10.999999244915525     
  -4.7599997520446777        10.999999178495660     
  -4.7500000000000000        10.999999106438306     
  -4.7399997711181641        10.999999028275816     
  -4.7300000190734863        10.999998943518877     
  -4.7199997901916504        10.999998851623911     
  -4.7100000381469727        10.999998752022654     
  -4.6999998092651367        10.999998644083913     
  -4.6900000572204590        10.999998527148421     
  -4.6799998283386230        10.999998400484010     
  -4.6700000762939453        10.999998263326638     
  -4.6599998474121094        10.999998114827886     
  -4.6500000953674316        10.999997954103204     
  -4.6399998664855957        10.999997780170494     
  -4.6300001144409180        10.999997592006769     
  -4.6199998855590820        10.999997388476373     
  -4.6100001335144043        10.999997168397462     
  -4.5999999046325684        10.999996930458186     
  -4.5899996757507324        10.999996673281879     
  -4.5799999237060547        10.999996395392987     
  -4.5699996948242188        10.999996095166020     
  -4.5599999427795410        10.999995770913376     
  -4.5499997138977051        10.999995420762321     
  -4.5399999618530273        10.999995042770434     
  -4.5299997329711914        10.999994634782412     
  -4.5199999809265137        10.999994194564939     
  -4.5099997520446777        10.999993719640146     
  -4.5000000000000000        10.999993207443021     
  -4.4899997711181641        10.999992655127899     
  -4.4800000190734863        10.999992059751987     
  -4.4699997901916504        10.999991418050740     
  -4.4600000381469727        10.999990726651610     
  -4.4499998092651367        10.999989981813544     
  -4.4400000572204590        10.999989179675685     
  -4.4299998283386230        10.999988315955559     
  -4.4200000762939453        10.999987386238143     
  -4.4099998474121094        10.999986385626494     
  -4.4000000953674316        10.999985309077440     
  -4.3899998664855957        10.999984150997513     
  -4.3800001144409180        10.999982905632379     
  -4.3699998855590820        10.999981566599971     
  -4.3600001335144043        10.999980127341795     
  -4.3499999046325684        10.999978580584015     
  -4.3399996757507324        10.999976918777826     
  -4.3299999237060547        10.999975133888505     
  -4.3199996948242188        10.999973217083902     
  -4.3099999427795410        10.999971159312913     
  -4.2999997138977051        10.999968950537152     
  -4.2899999618530273        10.999966580481107     
  -4.2799997329711914        10.999964037748168     
  -4.2699999809265137        10.999961310686032     
  -4.2599997520446777        10.999958386370636     
  -4.2500000000000000        10.999955251603499     
  -4.2399997711181641        10.999951891744942     
  -4.2300000190734863        10.999948291862299     
  -4.2199997901916504        10.999944435391365     
  -4.2100000381469727        10.999940305456947     
  -4.1999998092651367        10.999935883338702     
  -4.1900000572204590        10.999931149988374     
  -4.1799998283386230        10.999926084273101     
  -4.1700000762939453        10.999920664716866     
  -4.1599998474121094        10.999914867490926     
  -4.1500000953674316        10.999908668410541     
  -4.1399998664855957        10.999902040638380     
  -4.1300001144409180        10.999894956971579     
  -4.1199998855590820        10.999887387219648     
  -4.1100001335144043        10.999879300821416     
  -4.0999999046325684        10.999870663854191     
  -4.0899996757507324        10.999861441570799     
  -4.0799999237060547        10.999851597262882     
  -4.0699996948242188        10.999841090616384     
  -4.0599999427795410        10.999829880961654     
  -4.0499997138977051        10.999817923135391     
  -4.0399999618530273        10.999805171640361     
  -4.0299997329711914        10.999791575941552     
  -4.0199999809265137        10.999777085203732     
  -4.0099997520446777        10.999761642949716     
  -4.0000000000000000        10.999745192450426     
  -3.9900000095367432        10.999727671095769     
  -3.9800000190734863        10.999709014365589     
  -3.9700000286102295        10.999689153759880     
  -3.9599997997283936        10.999668016481930     
  -3.9499998092651367        10.999645527299851     
  -3.9399998188018799        10.999621605333926     
  -3.9299998283386230        10.999596165840529     
  -3.9199998378753662        10.999569119516472     
  -3.9099998474121094        10.999540372283768     
  -3.8999998569488525        10.999509825066141     
  -3.8899998664855957        10.999477373557127     
  -3.8799998760223389        10.999442907979535     
  -3.8699998855590820        10.999406312836124     
  -3.8599998950958252        10.999367466651279     
  -3.8499999046325684        10.999326241703539     
  -3.8399999141693115        10.999282503748800     
  -3.8299999237060547        10.999236111734010     
  -3.8199999332427979        10.999186917501257     
  -3.8099999427795410        10.999134765482049     
  -3.7999999523162842        10.999079492381693     
  -3.7899999618530273        10.999020926853650     
  -3.7799999713897705        10.998958889163742     
  -3.7699999809265137        10.998893190844134     
  -3.7599999904632568        10.998823634337009     
  -3.7500000000000000        10.998750012627887     
  -3.7400000095367432        10.998672108868524     
  -3.7300000190734863        10.998589695989397     
  -3.7200000286102295        10.998502536301746     
  -3.7099997997283936        10.998410378830481     
  -3.6999998092651367        10.998312967801960     
  -3.6899998188018799        10.998210029041356     
  -3.6799998283386230        10.998101278195941     
  -3.6699998378753662        10.997986418149242     
  -3.6599998474121094        10.997865138561911     
  -3.6499998569488525        10.997737115402874     
  -3.6399998664855957        10.997602010471018     
  -3.6299998760223389        10.997459470907678     
  -3.6199998855590820        10.997309128700195     
  -3.6099998950958252        10.997150600176942     
  -3.5999999046325684        10.996983485494161     
  -3.5899999141693115        10.996807368115071     
  -3.5799999237060547        10.996621814281712     
  -3.5699999332427979        10.996426372480057     
  -3.5599999427795410        10.996220572898981     
  -3.5499999523162842        10.996003926883699     
  -3.5399999618530273        10.995775926384388     
  -3.5299999713897705        10.995536043400703     
  -3.5199999809265137        10.995283729423042     
  -3.5099999904632568        10.995018414871367     
  -3.5000000000000000        10.994739508532565     
  -3.4900000095367432        10.994446396997315     
  -3.4800000190734863        10.994138444097524     
  -3.4700000286102295        10.993814990345493     
  -3.4600000381469727        10.993475352375983     
  -3.4499998092651367        10.993118813684987     
  -3.4399998188018799        10.992744658482383     
  -3.4299998283386230        10.992352120174823     
  -3.4199998378753662        10.991940414411705     
  -3.4099998474121094        10.991508730266423     
  -3.3999998569488525        10.991056229725507     
  -3.3899998664855957        10.990582047191237     
  -3.3799998760223389        10.990085288999632     
  -3.3699998855590820        10.989565032955689     
  -3.3599998950958252        10.989020327887898     
  -3.3499999046325684        10.988450193224130     
  -3.3399999141693115        10.987853618591066     
  -3.3299999237060547        10.987229563439447     
  -3.3199999332427979        10.986576956697490     
  -3.3099999427795410        10.985894696454904     
  -3.2999999523162842        10.985181649680055     
  -3.2899999618530273        10.984436651972846     
  -3.2799999713897705        10.983658507356072     
  -3.2699999809265137        10.982845988107949     
  -3.2599999904632568        10.981997834638735     
  -3.2500000000000000        10.981112755414358     
  -3.2400000095367432        10.980189426930043     
  -3.2300000190734863        10.979226493737066     
  -3.2200000286102295        10.978222568525748     
  -3.2100000381469727        10.977176232267945     
  -3.1999998092651367        10.976086007895338     
  -3.1899998188018799        10.974950465579676     
  -3.1799998283386230        10.973768067172390     
  -3.1699998378753662        10.972537269501487     
  -3.1599998474121094        10.971256499398173     
  -3.1499998569488525        10.969924154267135     
  -3.1399998664855957        10.968538602740365     
  -3.1299998760223389        10.967098185418109     
  -3.1199998855590820        10.965601215700543     
  -3.1099998950958252        10.964045980713772     
  -3.0999999046325684        10.962430742333769     
  -3.0899999141693115        10.960753738311853     
  -3.0799999237060547        10.959013183505263     
  -3.0699999332427979        10.957207271216404     
  -3.0599999427795410        10.955334174644253     
  -3.0499999523162842        10.953392048451381     
  -3.0399999618530273        10.951379030450004     
  -3.0299999713897705        10.949293243410363     
  -3.0199999809265137        10.947132796994655     
  -3.0099999904632568        10.944895789819693     
  -3.0000000000000000        10.942580311651239     
  -2.9900000095367432        10.940184445732962     
  -2.9800000190734863        10.937706271252713     
  -2.9700000286102295        10.935143865948751     
  -2.9600000381469727        10.932495308858268     
  -2.9500000476837158        10.929758683210499     
  -2.9399998188018799        10.926932010987064     
  -2.9299998283386230        10.924013527814191     
  -2.9199998378753662        10.921001282019166     
  -2.9099998474121094        10.917893405487520     
  -2.8999998569488525        10.914688050992988     
  -2.8899998664855957        10.911383395991791     
  -2.8799998760223389        10.907977646570288     
  -2.8699998855590820        10.904469041546049     
  -2.8599998950958252        10.900855856722124     
  -2.8499999046325684        10.897136409293854     
  -2.8399999141693115        10.893309062407205     
  -2.8299999237060547        10.889372229867266     
  -2.8199999332427979        10.885324380994994     
  -2.8099999427795410        10.881164045630019     
  -2.7999999523162842        10.876889819276711     
  -2.7899999618530273        10.872500368390362     
  -2.7799999713897705        10.867994435799773     
  -2.7699999809265137        10.863370846262038     
  -2.7599999904632568        10.858628512144836     
  -2.7500000000000000        10.853766439230951     
  -2.7400000095367432        10.848783732639221     
  -2.7300000190734863        10.843679602855557     
  -2.7200000286102295        10.838453371867052     
  -2.7100000381469727        10.833104479391656     
  -2.7000000476837158        10.827632489195272     
  -2.6900000572204590        10.822037095487490     
  -2.6799998283386230        10.816317991562089     
  -2.6699998378753662        10.810475424673525     
  -2.6599998474121094        10.804509384505243     
  -2.6499998569488525        10.798420152234465     
  -2.6399998664855957        10.792208172290430     
  -2.6299998760223389        10.785874059002895     
  -2.6199998855590820        10.779418603250299     
  -2.6099998950958252        10.772842779093690     
  -2.5999999046325684        10.766147750381940     
  -2.5899999141693115        10.759334877313110     
  -2.5799999237060547        10.752405722936249     
  -2.5699999332427979        10.745362059577211     
  -2.5599999427795410        10.738205875171570     
  -2.5499999523162842        10.730939379487074     
  -2.5399999618530273        10.723565010217493     
  -2.5299999713897705        10.716085438929221     
  -2.5199999809265137        10.708503576841414     
  -2.5099999904632568        10.700822580419967     
  -2.5000000000000000        10.693045856765155     
  -2.4900000095367432        10.685177068772306     
  -2.4800000190734863        10.677220140044469     
  -2.4700000286102295        10.669179259535660     
  -2.4600000381469727        10.661058885902916     
  -2.4500000476837158        10.652863751545112     
  -2.4400000572204590        10.644598866306216     
  -2.4299998283386230        10.636269321508468     
  -2.4199998378753662        10.627881088829415     
  -2.4099998474121094        10.619439831139719     
  -2.3999998569488525        10.610951697600278     
  -2.3899998664855957        10.602423127506833     
  -2.3799998760223389        10.593860851502901     
  -2.3699998855590820        10.585271892297946     
  -2.3599998950958252        10.576663564868282     
  -2.3499999046325684        10.568043476118495     
  -2.3399999141693115        10.559419523981457     
  -2.3299999237060547        10.550799895935414     
  -2.3199999332427979        10.542193066917120     
  -2.3099999427795410        10.533607796610490     
  -2.2999999523162842        10.525053126090905     
  -2.2899999618530273        10.516538373805966     
  -2.2799999713897705        10.508073130874315     
  -2.2699999809265137        10.499667255684951     
  -2.2599999904632568        10.491330867780459     
  -2.2500000000000000        10.483074341008574     
  -2.2400000095367432        10.474908295927616     
  -2.2300000190734863        10.466843591452507     
  -2.2200000286102295        10.458891315729426     
  -2.2100000381469727        10.451062776228429     
  -2.2000000476837158        10.443369489044899     
  -2.1900000572204590        10.435823167402157     
  -2.1800000667572021        10.428435709349216     
  -2.1699998378753662        10.421219014728450     
  -2.1599998474121094        10.414185655449868     
  -2.1499998569488525        10.407347827985097     
  -2.1399998664855957        10.400718030455494     
  -2.1299998760223389        10.394308872135875     
  -2.1199998855590820        10.388133056297072     
  -2.1099998950958252        10.382203362253250     
  -2.0999999046325684        10.376532626623726     
  -2.0899999141693115        10.371133723821158     
  -2.0799999237060547        10.366019545780416     
  -2.0699999332427979        10.361202980944743     
  -2.0599999427795410        10.356696892528275     
  -2.0499999523162842        10.352514096076455     
  -2.0399999618530273        10.348667336348358     
  -2.0299999713897705        10.345169263547525     
  -2.0199999809265137        10.342032408930407     
  -2.0099999904632568        10.339269159824116     
  -2.0000000000000000        10.336891734087835     
  -1.9900000095367432        10.334912154054702     
  -1.9799998998641968        10.333342203766504     
  -1.9699999094009399        10.332193471995332     
  -1.9599999189376831        10.331477212377047     
  -1.9499999284744263        10.331204395602102     
  -1.9399999380111694        10.331385660223610     
  -1.9299999475479126        10.332031284401040     
  -1.9199999570846558        10.333151157454115     
  -1.9099999666213989        10.334754751283795     
  -1.8999999761581421        10.336851091719542     
  -1.8899999856948853        10.339448729854208     
  -1.8799999952316284        10.342555713430064     
  -1.8700000047683716        10.346179558341444     
  -1.8600000143051147        10.350327220321443     
  -1.8499999046325684        10.355005125829877     
  -1.8399999141693115        10.360218914945985     
  -1.8299999237060547        10.365973748512200     
  -1.8199999332427979        10.372274064612970     
  -1.8099999427795410        10.379123604843405     
  -1.7999999523162842        10.386525388607346     
  -1.7899999618530273        10.394481688114052     
  -1.7799999713897705        10.402994004151331     
  -1.7699999809265137        10.412063042713450     
  -1.7599999904632568        10.421688692562514     
  -1.7500000000000000        10.431870003802171     
  -1.7400000095367432        10.442605167542480     
  -1.7300000190734863        10.453891496734441     
  -1.7199999094009399        10.465725552570559     
  -1.7099999189376831        10.478102557062678     
  -1.6999999284744263        10.491017224359414     
  -1.6899999380111694        10.504463189218605     
  -1.6799999475479126        10.518433132658901     
  -1.6699999570846558        10.532918771418432     
  -1.6599999666213989        10.547910849106305     
  -1.6499999761581421        10.563399129114998     
  -1.6399999856948853        10.579372389359314     
  -1.6299999952316284        10.595818418904845     
  -1.6200000047683716        10.612724016546071     
  -1.6100000143051147        10.630074991390956     
  -1.5999999046325684        10.647856379974872     
  -1.5899999141693115        10.666051597973443     
  -1.5799999237060547        10.684643719211987     
  -1.5699999332427979        10.703614641811512     
  -1.5599999427795410        10.722945308967045     
  -1.5499999523162842        10.742615722558600     
  -1.5399999618530273        10.762604959058100     
  -1.5299999713897705        10.782891187755254     
  -1.5199999809265137        10.803451691320173     
  -1.5099999904632568        10.824262888715079     
  -1.5000000000000000        10.845300360461829     
  -1.4900000095367432        10.866538876266230     
  -1.4800000190734863        10.887952424994152     
  -1.4699999094009399        10.909514504800899     
  -1.4599999189376831        10.931197127795079     
  -1.4499999284744263        10.952972399693570     
  -1.4399999380111694        10.974811532273673     
  -1.4299999475479126        10.996685141023489     
  -1.4199999570846558        11.018563288774958     
  -1.4099999666213989        11.040415531476995     
  -1.3999999761581421        11.062210966052245     
  -1.3899999856948853        11.083918280274164     
  -1.3799999952316284        11.105505804594570     
  -1.3700000047683716        11.126941565845026     
  -1.3600000143051147        11.148193342728849     
  -1.3500000238418579        11.169228723013982     
  -1.3399999141693115        11.190015408510963     
  -1.3299999237060547        11.210520287099412     
  -1.3199999332427979        11.230710981767713     
  -1.3099999427795410        11.250554918987447     
  -1.2999999523162842        11.270019642183952     
  -1.2899999618530273        11.289072876895196     
  -1.2799999713897705        11.307682596829352     
  -1.2699999809265137        11.325817090683710     
  -1.2599999904632568        11.343445029582600     
  -1.2500000000000000        11.360535534987243     
  -1.2400000095367432        11.377058246926044     
  -1.2300000190734863        11.392983392389706     
  -1.2200000286102295        11.408281853731820     
  -1.2099999189376831        11.422925407459891     
  -1.1999999284744263        11.436886101665056     
  -1.1899999380111694        11.450137371321977     
  -1.1799999475479126        11.462653398604290     
  -1.1699999570846558        11.474409357339377     
  -1.1599999666213989        11.485381477931545     
  -1.1499999761581421        11.495547111102008     
  -1.1399999856948853        11.504884790270513     
  -1.1299999952316284        11.513374292403514     
  -1.1200000047683716        11.520996697154352     
  -1.1100000143051147        11.527734444121885     
  -1.1000000238418579        11.533571388055616     
  -1.0900000333786011        11.538492851837363     
  -1.0799999237060547        11.542485719087509     
  -1.0699999332427979        11.545538302867996     
  -1.0599999427795410        11.547640676798959     
  -1.0499999523162842        11.548784515869599     
  -1.0399999618530273        11.548963189019364     
  -1.0299999713897705        11.548171795390195     
  -1.0199999809265137        11.546407197266577     
  -1.0099999904632568        11.543668049568478     
  -1.0000000000000000        11.539954825768820     
 -0.98999994993209839        11.535269809300893     
 -0.97999995946884155        11.529617229471619     
 -0.96999996900558472        11.523003108370769     
 -0.95999997854232788        11.515435377281344     
 -0.94999998807907104        11.506923858028744     
 -0.93999999761581421        11.497480265181993     
 -0.93000000715255737        11.487118204006002     
 -0.91999995708465576        11.475853094303297     
 -0.90999996662139893        11.463702433688045     
 -0.89999997615814209        11.450685379453597     
 -0.88999998569488525        11.436822992354049     
 -0.87999999523162842        11.422138148166928     
 -0.87000000476837158        11.406655509283908     
 -0.85999995470046997        11.390401392741158     
 -0.84999996423721313        11.373404125118080     
 -0.83999997377395630        11.355693419350953     
 -0.82999998331069946        11.337300711863413     
 -0.81999999284744263        11.318259017682786     
 -0.81000000238418579        11.298602875946500     
 -0.79999995231628418        11.278368169010202     
 -0.78999996185302734        11.257592545685567     
 -0.77999997138977051        11.236314630630668     
 -0.76999998092651367        11.214574433127691     
 -0.75999999046325684        11.192413153999015     
 -0.75000000000000000        11.169873107877871     
 -0.74000000953674316        11.146997642062825     
 -0.72999995946884155        11.123830913254515     
 -0.71999996900558472        11.100418354188319     
 -0.70999997854232788        11.076805754338801     
 -0.69999998807907104        11.053039717729886     
 -0.68999999761581421        11.029167430063154     
 -0.68000000715255737        11.005236560806068     
 -0.66999995708465576        10.981295020560662     
 -0.65999996662139893        10.957391430133812     
 -0.64999997615814209        10.933574160422188     
 -0.63999998569488525        10.909891798641985     
 -0.62999999523162842        10.886392899627305     
 -0.62000000476837158        10.863125878967685     
 -0.61000001430511475        10.840138905524590     
 -0.59999996423721313        10.817479659602030     
 -0.58999997377395630        10.795195763339203     
 -0.57999998331069946        10.773333862176354     
 -0.56999999284744263        10.751940060068438     
 -0.56000000238418579        10.731059676816109     
 -0.55000001192092896        10.710737142475832     
 -0.53999996185302734        10.691015777368277     
 -0.52999997138977051        10.671938155945499     
 -0.51999998092651367        10.653545300160308     
 -0.50999999046325684        10.635877054659252     
 -0.50000000000000000        10.618971870867025     
 -0.48999997973442078        10.602866666294066     
 -0.47999998927116394        10.587596923099463     
 -0.46999999880790710        10.573196312012545     
 -0.45999997854232788        10.559696763400144     
 -0.44999998807907104        10.547128495340610     
 -0.43999999761581421        10.535519694959685     
 -0.42999997735023499        10.524896578900639     
 -0.41999998688697815        10.515283406623791     
 -0.40999999642372131        10.506702225994108     
 -0.39999997615814209        10.499172922404316     
 -0.38999998569488525        10.492713217416103     
 -0.37999999523162842        10.487338484215366     
 -0.37000000476837158        10.483061795906874     
 -0.35999998450279236        10.479893854369260     
 -0.34999999403953552        10.477842990809682     
 -0.34000000357627869        10.476915080735369     
 -0.32999998331069946        10.477113564647382     
 -0.31999999284744263        10.478439414286139     
 -0.31000000238418579        10.480891125071906     
 -0.29999998211860657        10.484464724198137     
 -0.28999999165534973        10.489153724294260     
 -0.28000000119209290        10.494949194009601     
 -0.26999998092651367        10.501839753508966     
 -0.25999999046325684        10.509811516609417     
 -0.25000000000000000        10.518848238562692     
 -0.23999999463558197        10.528931283333662     
 -0.22999998927116394        10.540039634399038     
 -0.21999999880790710        10.552149959221248     
 -0.20999999344348907        10.565236717970484     
 -0.19999998807907104        10.579272108494623     
 -0.18999999761581421        10.594226172873178     
 -0.17999999225139618        10.610066934737901     
 -0.17000000178813934        10.626760309315820     
 -0.15999999642372131        10.644270366368687     
 -0.14999999105930328        10.662559238452726     
 -0.14000000059604645        10.681587274190836     
 -0.12999999523162842        10.701313216886671     
 -0.11999999731779099        10.721694111476040     
 -0.10999999940395355        10.742685558901892     
  -9.9999994039535522E-002   10.764241760563111     
  -8.9999996125698090E-002   10.786315572027716     
  -7.9999998211860657E-002   10.808858706671607     
  -7.0000000298023224E-002   10.831821782052792     
  -5.9999998658895493E-002   10.855154457495773     
  -4.9999997019767761E-002   10.878805523472861     
  -3.9999999105930328E-002   10.902723036009991     
  -2.9999999329447746E-002   10.926854458893112     
  -1.9999999552965164E-002   10.951146744680305     
  -9.9999997764825821E-003   10.975546479132822     
   0.0000000000000000        11.000000000000000     
   9.9999997764825821E-003   11.024453520867178     
   1.9999999552965164E-002   11.048853255319695     
   2.9999999329447746E-002   11.073145541106888     
   3.9999999105930328E-002   11.097276963990009     
   4.9999997019767761E-002   11.121194476527139     
   5.9999998658895493E-002   11.144845542504227     
   7.0000000298023224E-002   11.168178217947208     
   7.9999998211860657E-002   11.191141293328393     
   8.9999996125698090E-002   11.213684427972284     
   9.9999994039535522E-002   11.235758239436889     
  0.10999999940395355        11.257314441098108     
  0.11999999731779099        11.278305888523960     
  0.12999999523162842        11.298686783113329     
  0.14000000059604645        11.318412725809164     
  0.14999999105930328        11.337440761547274     
  0.15999999642372131        11.355729633631313     
  0.17000000178813934        11.373239690684180     
  0.17999999225139618        11.389933065262099     
  0.18999999761581421        11.405773827126822     
  0.19999998807907104        11.420727891505377     
  0.20999999344348907        11.434763282029516     
  0.21999999880790710        11.447850040778752     
  0.22999998927116394        11.459960365600962     
  0.23999999463558197        11.471068716666338     
  0.25000000000000000        11.481151761437308     
  0.25999999046325684        11.490188483390583     
  0.26999998092651367        11.498160246491034     
  0.28000000119209290        11.505050805990399     
  0.28999999165534973        11.510846275705740     
  0.29999998211860657        11.515535275801863     
  0.31000000238418579        11.519108874928094     
  0.31999999284744263        11.521560585713861     
  0.32999998331069946        11.522886435352618     
  0.34000000357627869        11.523084919264631     
  0.34999999403953552        11.522157009190318     
  0.35999998450279236        11.520106145630740     
  0.37000000476837158        11.516938204093126     
  0.37999999523162842        11.512661515784634     
  0.38999998569488525        11.507286782583897     
  0.39999997615814209        11.500827077595684     
  0.40999999642372131        11.493297774005892     
  0.41999998688697815        11.484716593376209     
  0.42999997735023499        11.475103421099361     
  0.43999999761581421        11.464480305040315     
  0.44999998807907104        11.452871504659390     
  0.45999997854232788        11.440303236599856     
  0.46999999880790710        11.426803687987455     
  0.47999998927116394        11.412403076900537     
  0.48999997973442078        11.397133333705934     
  0.50000000000000000        11.381028129132975     
  0.50999999046325684        11.364122945340748     
  0.51999998092651367        11.346454699839692     
  0.52999997138977051        11.328061844054501     
  0.53999996185302734        11.308984222631723     
  0.55000001192092896        11.289262857524168     
  0.56000000238418579        11.268940323183891     
  0.56999999284744263        11.248059939931562     
  0.57999998331069946        11.226666137823646     
  0.58999997377395630        11.204804236660797     
  0.59999996423721313        11.182520340397970     
  0.61000001430511475        11.159861094475410     
  0.62000000476837158        11.136874121032315     
  0.62999999523162842        11.113607100372695     
  0.63999998569488525        11.090108201358015     
  0.64999997615814209        11.066425839577812     
  0.65999996662139893        11.042608569866188     
  0.66999995708465576        11.018704979439338     
  0.68000000715255737        10.994763439193932     
  0.68999999761581421        10.970832569936846     
  0.69999998807907104        10.946960282270114     
  0.70999997854232788        10.923194245661199     
  0.71999996900558472        10.899581645811681     
  0.72999995946884155        10.876169086745485     
  0.74000000953674316        10.853002357937175     
  0.75000000000000000        10.830126892122129     
  0.75999999046325684        10.807586846000985     
  0.76999998092651367        10.785425566872309     
  0.77999997138977051        10.763685369369332     
  0.78999996185302734        10.742407454314433     
  0.79999995231628418        10.721631830989798     
  0.81000000238418579        10.701397124053500     
  0.81999999284744263        10.681740982317214     
  0.82999998331069946        10.662699288136587     
  0.83999997377395630        10.644306580649047     
  0.84999996423721313        10.626595874881920     
  0.85999995470046997        10.609598607258842     
  0.87000000476837158        10.593344490716092     
  0.87999999523162842        10.577861851833072     
  0.88999998569488525        10.563177007645951     
  0.89999997615814209        10.549314620546403     
  0.90999996662139893        10.536297566311955     
  0.91999995708465576        10.524146905696703     
  0.93000000715255737        10.512881795993998     
  0.93999999761581421        10.502519734818007     
  0.94999998807907104        10.493076141971256     
  0.95999997854232788        10.484564622718656     
  0.96999996900558472        10.476996891629231     
  0.97999995946884155        10.470382770528381     
  0.98999994993209839        10.464730190699107     
   1.0000000000000000        10.460045174231180     
   1.0099999904632568        10.456331950431522     
   1.0199999809265137        10.453592802733423     
   1.0299999713897705        10.451828204609805     
   1.0399999618530273        10.451036810980636     
   1.0499999523162842        10.451215484130401     
   1.0599999427795410        10.452359323201041     
   1.0699999332427979        10.454461697132004     
   1.0799999237060547        10.457514280912491     
   1.0900000333786011        10.461507148162637     
   1.1000000238418579        10.466428611944384     
   1.1100000143051147        10.472265555878115     
   1.1200000047683716        10.479003302845648     
   1.1299999952316284        10.486625707596486     
   1.1399999856948853        10.495115209729487     
   1.1499999761581421        10.504452888897992     
   1.1599999666213989        10.514618522068455     
   1.1699999570846558        10.525590642660623     
   1.1799999475479126        10.537346601395710     
   1.1899999380111694        10.549862628678023     
   1.1999999284744263        10.563113898334944     
   1.2099999189376831        10.577074592540109     
   1.2200000286102295        10.591718146268180     
   1.2300000190734863        10.607016607610294     
   1.2400000095367432        10.622941753073956     
   1.2500000000000000        10.639464465012757     
   1.2599999904632568        10.656554970417400     
   1.2699999809265137        10.674182909316290     
   1.2799999713897705        10.692317403170648     
   1.2899999618530273        10.710927123104804     
   1.2999999523162842        10.729980357816048     
   1.3099999427795410        10.749445081012553     
   1.3199999332427979        10.769289018232287     
   1.3299999237060547        10.789479712900588     
   1.3399999141693115        10.809984591489037     
   1.3500000238418579        10.830771276986018     
   1.3600000143051147        10.851806657271151     
   1.3700000047683716        10.873058434154974     
   1.3799999952316284        10.894494195405430     
   1.3899999856948853        10.916081719725836     
   1.3999999761581421        10.937789033947755     
   1.4099999666213989        10.959584468523005     
   1.4199999570846558        10.981436711225042     
   1.4299999475479126        11.003314858976511     
   1.4399999380111694        11.025188467726327     
   1.4499999284744263        11.047027600306430     
   1.4599999189376831        11.068802872204921     
   1.4699999094009399        11.090485495199101     
   1.4800000190734863        11.112047575005848     
   1.4900000095367432        11.133461123733770     
   1.5000000000000000        11.154699639538171     
   1.5099999904632568        11.175737111284921     
   1.5199999809265137        11.196548308679827     
   1.5299999713897705        11.217108812244746     
   1.5399999618530273        11.237395040941900     
   1.5499999523162842        11.257384277441400     
   1.5599999427795410        11.277054691032955     
   1.5699999332427979        11.296385358188488     
   1.5799999237060547        11.315356280788013     
   1.5899999141693115        11.333948402026557     
   1.5999999046325684        11.352143620025128     
   1.6100000143051147        11.369925008609044     
   1.6200000047683716        11.387275983453929     
   1.6299999952316284        11.404181581095155     
   1.6399999856948853        11.420627610640686     
   1.6499999761581421        11.436600870885002     
   1.6599999666213989        11.452089150893695     
   1.6699999570846558        11.467081228581568     
   1.6799999475479126        11.481566867341099     
   1.6899999380111694        11.495536810781395     
   1.6999999284744263        11.508982775640586     
   1.7099999189376831        11.521897442937322     
   1.7199999094009399        11.534274447429441     
   1.7300000190734863        11.546108503265559     
   1.7400000095367432        11.557394832457520     
   1.7500000000000000        11.568129996197829     
   1.7599999904632568        11.578311307437486     
   1.7699999809265137        11.587936957286550     
   1.7799999713897705        11.597005995848669     
   1.7899999618530273        11.605518311885948     
   1.7999999523162842        11.613474611392654     
   1.8099999427795410        11.620876395156595     
   1.8199999332427979        11.627725935387030     
   1.8299999237060547        11.634026251487800     
   1.8399999141693115        11.639781085054015     
   1.8499999046325684        11.644994874170123     
   1.8600000143051147        11.649672779678557     
   1.8700000047683716        11.653820441658556     
   1.8799999952316284        11.657444286569936     
   1.8899999856948853        11.660551270145792     
   1.8999999761581421        11.663148908280458     
   1.9099999666213989        11.665245248716205     
   1.9199999570846558        11.666848842545885     
   1.9299999475479126        11.667968715598960     
   1.9399999380111694        11.668614339776390     
   1.9499999284744263        11.668795604397898     
   1.9599999189376831        11.668522787622953     
   1.9699999094009399        11.667806528004668     
   1.9799998998641968        11.666657796233496     
   1.9900000095367432        11.665087845945298     
   2.0000000000000000        11.663108265912165     
   2.0099999904632568        11.660730840175884     
   2.0199999809265137        11.657967591069593     
   2.0299999713897705        11.654830736452475     
   2.0399999618530273        11.651332663651642     
   2.0499999523162842        11.647485903923545     
   2.0599999427795410        11.643303107471725     
   2.0699999332427979        11.638797019055257     
   2.0799999237060547        11.633980454219584     
   2.0899999141693115        11.628866276178842     
   2.0999999046325684        11.623467373376274     
   2.1099998950958252        11.617796637746750     
   2.1199998855590820        11.611866943702928     
   2.1299998760223389        11.605691127864125     
   2.1399998664855957        11.599281969544506     
   2.1499998569488525        11.592652172014903     
   2.1599998474121094        11.585814344550132     
   2.1699998378753662        11.578780985271550     
   2.1800000667572021        11.571564290650784     
   2.1900000572204590        11.564176832597843     
   2.2000000476837158        11.556630510955101     
   2.2100000381469727        11.548937223771571     
   2.2200000286102295        11.541108684270574     
   2.2300000190734863        11.533156408547493     
   2.2400000095367432        11.525091704072384     
   2.2500000000000000        11.516925658991426     
   2.2599999904632568        11.508669132219541     
   2.2699999809265137        11.500332744315049     
   2.2799999713897705        11.491926869125685     
   2.2899999618530273        11.483461626194034     
   2.2999999523162842        11.474946873909095     
   2.3099999427795410        11.466392203389510     
   2.3199999332427979        11.457806933082880     
   2.3299999237060547        11.449200104064586     
   2.3399999141693115        11.440580476018543     
   2.3499999046325684        11.431956523881505     
   2.3599998950958252        11.423336435131718     
   2.3699998855590820        11.414728107702054     
   2.3799998760223389        11.406139148497099     
   2.3899998664855957        11.397576872493167     
   2.3999998569488525        11.389048302399722     
   2.4099998474121094        11.380560168860281     
   2.4199998378753662        11.372118911170585     
   2.4299998283386230        11.363730678491532     
   2.4400000572204590        11.355401133693784     
   2.4500000476837158        11.347136248454888     
   2.4600000381469727        11.338941114097084     
   2.4700000286102295        11.330820740464340     
   2.4800000190734863        11.322779859955531     
   2.4900000095367432        11.314822931227694     
   2.5000000000000000        11.306954143234845     
   2.5099999904632568        11.299177419580033     
   2.5199999809265137        11.291496423158586     
   2.5299999713897705        11.283914561070779     
   2.5399999618530273        11.276434989782507     
   2.5499999523162842        11.269060620512926     
   2.5599999427795410        11.261794124828430     
   2.5699999332427979        11.254637940422789     
   2.5799999237060547        11.247594277063751     
   2.5899999141693115        11.240665122686890     
   2.5999999046325684        11.233852249618060     
   2.6099998950958252        11.227157220906310     
   2.6199998855590820        11.220581396749701     
   2.6299998760223389        11.214125940997105     
   2.6399998664855957        11.207791827709570     
   2.6499998569488525        11.201579847765535     
   2.6599998474121094        11.195490615494757     
   2.6699998378753662        11.189524575326475     
   2.6799998283386230        11.183682008437911     
   2.6900000572204590        11.177962904512510     
   2.7000000476837158        11.172367510804728     
   2.7100000381469727        11.166895520608344     
   2.7200000286102295        11.161546628132948     
   2.7300000190734863        11.156320397144443     
   2.7400000095367432        11.151216267360779     
   2.7500000000000000        11.146233560769049     
   2.7599999904632568        11.141371487855164     
   2.7699999809265137        11.136629153737962     
   2.7799999713897705        11.132005564200227     
   2.7899999618530273        11.127499631609638     
   2.7999999523162842        11.123110180723289     
   2.8099999427795410        11.118835954369981     
   2.8199999332427979        11.114675619005006     
   2.8299999237060547        11.110627770132734     
   2.8399999141693115        11.106690937592795     
   2.8499999046325684        11.102863590706146     
   2.8599998950958252        11.099144143277876     
   2.8699998855590820        11.095530958453951     
   2.8799998760223389        11.092022353429712     
   2.8899998664855957        11.088616604008209     
   2.8999998569488525        11.085311949007012     
   2.9099998474121094        11.082106594512480     
   2.9199998378753662        11.078998717980834     
   2.9299998283386230        11.075986472185809     
   2.9399998188018799        11.073067989012936     
   2.9500000476837158        11.070241316789501     
   2.9600000381469727        11.067504691141732     
   2.9700000286102295        11.064856134051249     
   2.9800000190734863        11.062293728747287     
   2.9900000095367432        11.059815554267038     
   3.0000000000000000        11.057419688348761     
   3.0099999904632568        11.055104210180307     
   3.0199999809265137        11.052867203005345     
   3.0299999713897705        11.050706756589637     
   3.0399999618530273        11.048620969549996     
   3.0499999523162842        11.046607951548619     
   3.0599999427795410        11.044665825355747     
   3.0699999332427979        11.042792728783596     
   3.0799999237060547        11.040986816494737     
   3.0899999141693115        11.039246261688147     
   3.0999999046325684        11.037569257666231     
   3.1099998950958252        11.035954019286228     
   3.1199998855590820        11.034398784299457     
   3.1299998760223389        11.032901814581891     
   3.1399998664855957        11.031461397259635     
   3.1499998569488525        11.030075845732865     
   3.1599998474121094        11.028743500601827     
   3.1699998378753662        11.027462730498513     
   3.1799998283386230        11.026231932827610     
   3.1899998188018799        11.025049534420324     
   3.1999998092651367        11.023913992104662     
   3.2100000381469727        11.022823767732055     
   3.2200000286102295        11.021777431474252     
   3.2300000190734863        11.020773506262934     
   3.2400000095367432        11.019810573069957     
   3.2500000000000000        11.018887244585642     
   3.2599999904632568        11.018002165361265     
   3.2699999809265137        11.017154011892051     
   3.2799999713897705        11.016341492643928     
   3.2899999618530273        11.015563348027154     
   3.2999999523162842        11.014818350319945     
   3.3099999427795410        11.014105303545096     
   3.3199999332427979        11.013423043302510     
   3.3299999237060547        11.012770436560553     
   3.3399999141693115        11.012146381408934     
   3.3499999046325684        11.011549806775870     
   3.3599998950958252        11.010979672112102     
   3.3699998855590820        11.010434967044311     
   3.3799998760223389        11.009914711000368     
   3.3899998664855957        11.009417952808763     
   3.3999998569488525        11.008943770274493     
   3.4099998474121094        11.008491269733577     
   3.4199998378753662        11.008059585588295     
   3.4299998283386230        11.007647879825177     
   3.4399998188018799        11.007255341517617     
   3.4499998092651367        11.006881186315013     
   3.4600000381469727        11.006524647624017     
   3.4700000286102295        11.006185009654507     
   3.4800000190734863        11.005861555902476     
   3.4900000095367432        11.005553603002685     
   3.5000000000000000        11.005260491467435     
   3.5099999904632568        11.004981585128633     
   3.5199999809265137        11.004716270576958     
   3.5299999713897705        11.004463956599297     
   3.5399999618530273        11.004224073615612     
   3.5499999523162842        11.003996073116301     
   3.5599999427795410        11.003779427101019     
   3.5699999332427979        11.003573627519943     
   3.5799999237060547        11.003378185718288     
   3.5899999141693115        11.003192631884929     
   3.5999999046325684        11.003016514505839     
   3.6099998950958252        11.002849399823058     
   3.6199998855590820        11.002690871299805     
   3.6299998760223389        11.002540529092322     
   3.6399998664855957        11.002397989528982     
   3.6499998569488525        11.002262884597126     
   3.6599998474121094        11.002134861438089     
   3.6699998378753662        11.002013581850758     
   3.6799998283386230        11.001898721804059     
   3.6899998188018799        11.001789970958644     
   3.6999998092651367        11.001687032198040     
   3.7099997997283936        11.001589621169519     
   3.7200000286102295        11.001497463698254     
   3.7300000190734863        11.001410304010603     
   3.7400000095367432        11.001327891131476     
   3.7500000000000000        11.001249987372113     
   3.7599999904632568        11.001176365662991     
   3.7699999809265137        11.001106809155866     
   3.7799999713897705        11.001041110836258     
   3.7899999618530273        11.000979073146350     
   3.7999999523162842        11.000920507618307     
   3.8099999427795410        11.000865234517951     
   3.8199999332427979        11.000813082498743     
   3.8299999237060547        11.000763888265990     
   3.8399999141693115        11.000717496251200     
   3.8499999046325684        11.000673758296461     
   3.8599998950958252        11.000632533348721     
   3.8699998855590820        11.000593687163876     
   3.8799998760223389        11.000557092020465     
   3.8899998664855957        11.000522626442873     
   3.8999998569488525        11.000490174933859     
   3.9099998474121094        11.000459627716232     
   3.9199998378753662        11.000430880483528     
   3.9299998283386230        11.000403834159471     
   3.9399998188018799        11.000378394666074     
   3.9499998092651367        11.000354472700149     
   3.9599997997283936        11.000331983518070     
   3.9700000286102295        11.000310846240120     
   3.9800000190734863        11.000290985634411     
   3.9900000095367432        11.000272328904231     
   4.0000000000000000        11.000254807549574     
   4.0099997520446777        11.000238357050284     
   4.0199999809265137        11.000222914796268     
   4.0299997329711914        11.000208424058448     
   4.0399999618530273        11.000194828359639     
   4.0499997138977051        11.000182076864609     
   4.0599999427795410        11.000170119038346     
   4.0699996948242188        11.000158909383616     
   4.0799999237060547        11.000148402737118     
   4.0899996757507324        11.000138558429201     
   4.0999999046325684        11.000129336145809     
   4.1100001335144043        11.000120699178584     
   4.1199998855590820        11.000112612780352     
   4.1300001144409180        11.000105043028421     
   4.1399998664855957        11.000097959361620     
   4.1500000953674316        11.000091331589459     
   4.1599998474121094        11.000085132509074     
   4.1700000762939453        11.000079335283134     
   4.1799998283386230        11.000073915726899     
   4.1900000572204590        11.000068850011626     
   4.1999998092651367        11.000064116661298     
   4.2100000381469727        11.000059694543053     
   4.2199997901916504        11.000055564608635     
   4.2300000190734863        11.000051708137701     
   4.2399997711181641        11.000048108255058     
   4.2500000000000000        11.000044748396501     
   4.2599997520446777        11.000041613629364     
   4.2699999809265137        11.000038689313968     
   4.2799997329711914        11.000035962251832     
   4.2899999618530273        11.000033419518893     
   4.2999997138977051        11.000031049462848     
   4.3099999427795410        11.000028840687087     
   4.3199996948242188        11.000026782916098     
   4.3299999237060547        11.000024866111495     
   4.3399996757507324        11.000023081222174     
   4.3499999046325684        11.000021419415985     
   4.3600001335144043        11.000019872658205     
   4.3699998855590820        11.000018433400029     
   4.3800001144409180        11.000017094367621     
   4.3899998664855957        11.000015849002487     
   4.4000000953674316        11.000014690922560     
   4.4099998474121094        11.000013614373506     
   4.4200000762939453        11.000012613761857     
   4.4299998283386230        11.000011684044441     
   4.4400000572204590        11.000010820324315     
   4.4499998092651367        11.000010018186456     
   4.4600000381469727        11.000009273348390     
   4.4699997901916504        11.000008581949260     
   4.4800000190734863        11.000007940248013     
   4.4899997711181641        11.000007344872101     
   4.5000000000000000        11.000006792556979     
   4.5099997520446777        11.000006280359854     
   4.5199999809265137        11.000005805435061     
   4.5299997329711914        11.000005365217588     
   4.5399999618530273        11.000004957229566     
   4.5499997138977051        11.000004579237679     
   4.5599999427795410        11.000004229086624     
   4.5699996948242188        11.000003904833980     
   4.5799999237060547        11.000003604607013     
   4.5899996757507324        11.000003326718121     
   4.5999999046325684        11.000003069541814     
   4.6100001335144043        11.000002831602538     
   4.6199998855590820        11.000002611523627     
   4.6300001144409180        11.000002407993231     
   4.6399998664855957        11.000002219829506     
   4.6500000953674316        11.000002045896796     
   4.6599998474121094        11.000001885172114     
   4.6700000762939453        11.000001736673362     
   4.6799998283386230        11.000001599515990     
   4.6900000572204590        11.000001472851579     
   4.6999998092651367        11.000001355916087     
   4.7100000381469727        11.000001247977346     
   4.7199997901916504        11.000001148376089     
   4.7300000190734863        11.000001056481123     
   4.7399997711181641        11.000000971724184     
   4.7500000000000000        11.000000893561694     
   4.7599997520446777        11.000000821504340     
   4.7699999809265137        11.000000755084475     
   4.7799997329711914        11.000000693881205     
   4.7899999618530273        11.000000637492620     
   4.7999997138977051        11.000000585557057     
   4.8099999427795410        11.000000537729456     
   4.8199996948242188        11.000000493699362     
   4.8299999237060547        11.000000453170832     
   4.8399996757507324        11.000000415877645     
   4.8499999046325684        11.000000381566238     
   4.8599996566772461        11.000000350008552     
   4.8699998855590820        11.000000320987558     
   4.8800001144409180        11.000000294306872     
   4.8899998664855957        11.000000269784579     
   4.9000000953674316        11.000000247249146     
   4.9099998474121094        11.000000226546366     
   4.9200000762939453        11.000000207529791     
   4.9299998283386230        11.000000190067787     
   4.9400000572204590        11.000000174035453     
   4.9499998092651367        11.000000159320535     
   4.9600000381469727        11.000000145816614     
   4.9699997901916504        11.000000133428067     
   4.9800000190734863        11.000000122064304     
   4.9899997711181641        11.000000111643949     
   5.0000000000000000        11.000000102089972     
